81 351 30 0
1 6 20
6 27 20
27 18 20
18 3 20
3 7 20
7 14 20
14 17 20
17 26 20
26 22 20
22 29 20
29 10 20
10 20 20
20 24 20
24 11 20
11 8 20
8 13 20
13 21 20
21 4 20
4 23 20
23 25 20
25 2 20
2 28 20
28 9 20
9 19 20
19 5 20
5 16 20
16 15 20
15 12 20
20 30 20
1 12 14
1 30 16
2 21 12
2 6 4
2 26 6
2 11 12
2 16 10
2 22 18
2 20 1
2 27 4
2 8 9
2 13 17
2 17 12
2 24 11
2 3 4
2 29 6
2 15 16
2 5 8
3 26 19
3 5 4
3 19 2
3 29 17
3 22 5
3 17 1
3 25 17
3 24 7
3 15 19
3 4 14
3 10 9
3 11 10
3 8 5
3 27 14
3 20 1
3 14 6
3 23 7
4 15 17
4 16 16
4 12 7
4 26 4
5 10 9
5 23 8
5 20 15
5 21 1
5 17 1
5 11 13
5 29 1
6 11 17
6 18 15
6 29 18
6 13 1
6 28 9
6 17 8
6 4 19
6 12 1
6 10 8
6 15 8
6 7 20
6 23 3
6 9 8
6 5 8
7 24 7
7 20 8
7 23 11
7 13 15
7 11 18
7 18 6
7 26 10
7 22 8
7 25 11
7 16 5
7 12 4
7 29 12
7 28 18
7 19 20
7 9 8
9 16 8
9 4 2
9 21 12
9 27 17
9 29 16
9 22 16
9 23 4
9 26 13
9 13 15
9 2 15
9 10 18
9 8 15
9 5 4
10 18 10
10 17 18
10 27 1
10 8 20
10 21 12
10 7 13
10 4 1
10 13 7
10 22 19
10 28 19
10 11 6
10 12 9
10 16 17
10 14 14
10 15 1
11 13 14
11 23 12
11 29 17
11 25 6
11 26 19
11 27 3
11 21 11
12 22 19
12 11 8
12 5 17
12 3 3
12 20 7
12 19 12
12 8 12
12 25 4
12 16 13
12 9 19
12 24 10
12 26 7
12 14 6
13 27 14
13 19 19
13 12 6
13 29 2
13 25 6
13 3 15
13 20 16
13 18 2
13 26 4
13 14 5
13 4 5
13 17 3
14 27 11
14 2 11
14 19 9
14 22 20
14 20 2
14 5 19
14 6 12
14 18 4
14 28 7
14 23 11
14 9 10
15 25 9
15 13 10
15 20 7
15 24 10
15 26 14
15 23 10
16 18 9
16 26 10
17 18 14
17 23 10
17 29 16
17 22 5
17 4 14
17 24 13
17 28 12
17 7 2
17 20 8
17 19 18
17 27 2
17 25 3
17 12 6
17 15 11
17 21 6
18 22 7
18 21 17
18 9 10
18 20 18
18 2 14
18 29 3
18 12 7
18 26 16
18 23 11
18 28 19
18 24 17
18 19 8
19 16 2
19 22 4
20 26 18
21 24 13
21 22 5
21 8 15
21 15 17
22 13 16
22 25 1
22 27 13
22 24 18
22 16 8
22 5 15
22 28 9
23 10 16
24 23 17
24 16 7
24 14 4
24 9 16
24 4 10
24 8 11
26 10 11
26 28 10
26 27 18
27 21 17
2 30 12
3 30 13
4 30 12
7 30 1
8 30 14
9 30 15
12 30 9
13 30 15
14 30 10
15 30 18
16 30 20
18 30 1
21 30 13
22 30 2
18 31 14
31 27 14
3 32 13
32 18 13
7 33 15
33 3 15
14 34 15
34 7 15
10 35 5
35 29 5
24 36 1
36 20 1
11 37 3
37 24 3
13 38 14
38 8 14
21 39 1
39 13 1
9 40 12
40 28 12
5 41 6
41 19 6
12 42 4
42 15 4
26 43 19
43 2 19
22 44 20
44 2 20
13 45 20
45 2 20
17 46 5
46 2 5
15 47 19
47 2 19
5 48 4
48 2 4
26 49 10
49 3 10
17 50 17
50 3 17
24 51 15
51 3 15
11 52 1
52 3 1
20 53 19
53 3 19
14 54 5
54 3 5
10 55 13
55 5 13
21 56 15
56 5 15
13 57 8
57 6 8
10 58 10
58 6 10
18 59 12
59 7 12
9 60 6
60 7 6
21 61 13
61 9 13
27 62 20
62 9 20
17 63 16
63 10 16
13 64 6
64 10 6
11 65 17
65 10 17
14 66 13
66 10 13
13 67 2
67 11 2
27 68 1
68 11 1
24 69 15
69 12 15
14 70 17
70 12 17
17 71 16
71 13 16
23 72 18
72 14 18
24 73 4
73 15 4
18 74 3
74 16 3
18 75 11
75 17 11
24 76 9
76 17 9
22 77 15
77 19 15
26 78 20
78 20 20
24 79 10
79 21 10
22 80 20
80 21 20
24 81 20
81 22 20
0 34 34 34 34 34 34 34 34 34 34 34 34 34 34 34 34 34 34 34 34 34 34 34 34 34 34 34 34 50 
0 0 124 85 123 34 88 121 124 143 107 92 132 73 117 109 83 93 129 124 138 166 124 129 77 160 131 135 133 175 
0 147 0 85 123 34 88 121 124 143 107 92 132 73 117 109 83 93 129 124 138 166 124 129 77 160 131 135 133 175 
0 64 64 0 64 34 64 64 64 64 64 64 64 64 64 64 64 64 64 64 64 64 64 64 64 64 64 64 64 76 
0 78 78 78 0 34 78 78 78 78 78 78 78 73 78 78 78 78 78 78 78 78 78 78 77 78 78 78 78 78 
0 147 124 85 123 0 88 121 124 143 107 92 132 73 117 109 83 93 129 124 138 163 124 129 77 160 131 135 133 163 
0 147 124 85 123 34 0 121 124 143 107 92 132 73 117 109 83 93 129 124 138 166 124 129 77 160 131 135 133 175 
0 20 20 20 20 20 20 0 20 20 20 20 20 20 20 20 20 20 20 20 20 20 20 20 20 20 20 20 20 34 
0 147 124 85 123 34 88 121 0 143 107 92 132 73 117 109 83 93 129 124 138 166 124 129 77 160 131 135 133 175 
0 147 124 85 123 34 88 121 124 0 107 92 132 73 117 109 83 93 129 124 138 166 124 129 77 160 131 135 133 175 
0 123 123 85 123 34 88 121 123 123 0 92 123 73 117 109 83 93 123 123 123 123 123 123 77 123 123 123 123 123 
0 141 124 85 123 34 88 121 124 141 107 0 132 73 117 109 83 93 129 124 138 141 124 129 77 141 131 135 133 150 
0 147 124 85 123 34 88 121 124 143 107 92 0 73 117 109 83 93 129 124 138 153 124 129 77 153 131 135 133 175 
0 147 124 85 123 34 88 121 124 143 107 92 132 0 117 109 83 93 129 124 138 166 124 129 77 160 131 135 133 175 
0 99 99 85 99 34 88 99 99 99 99 92 99 73 0 99 83 93 99 99 99 99 99 99 77 99 99 99 99 117 
0 39 39 39 39 34 39 39 39 39 39 39 39 39 39 0 39 39 39 39 39 39 39 39 39 39 39 39 39 59 
0 147 124 85 123 34 88 121 124 143 107 92 132 73 117 109 0 93 129 124 138 166 124 129 77 160 131 135 133 175 
0 147 124 85 123 34 88 121 124 143 107 92 132 73 117 109 83 0 129 124 138 166 124 129 77 160 131 135 133 175 
0 26 26 26 26 26 26 26 26 26 26 26 26 26 26 26 26 26 0 26 26 26 26 26 26 26 26 26 26 26 
0 57 57 57 57 34 57 57 57 57 57 57 57 57 57 57 57 57 57 0 57 57 57 57 57 57 57 57 57 77 
0 99 99 85 99 34 88 99 99 99 99 92 99 73 99 99 83 93 99 99 0 99 99 99 77 99 99 99 99 112 
0 147 124 85 123 34 88 121 124 143 107 92 132 73 117 109 83 93 129 124 138 0 124 129 77 155 131 135 133 157 
0 54 54 54 54 34 54 54 54 54 54 54 54 54 54 54 54 54 54 54 54 54 0 54 54 54 54 54 54 54 
0 147 124 85 123 34 88 121 124 143 107 92 132 73 117 109 83 93 129 124 138 159 124 0 77 159 131 135 133 159 
0 20 20 20 20 20 20 20 20 20 20 20 20 20 20 20 20 20 20 20 20 20 20 20 0 20 20 20 20 20 
0 108 108 85 108 34 88 108 108 108 107 92 108 73 108 108 83 93 108 108 108 108 108 108 77 0 108 108 108 108 
0 58 58 58 58 34 58 58 58 58 58 58 58 58 58 58 58 58 58 58 58 58 58 58 58 58 0 58 58 58 
0 20 20 20 20 20 20 20 20 20 20 20 20 20 20 20 20 20 20 20 20 20 20 20 20 20 20 0 20 20 
0 20 20 20 20 20 20 20 20 20 20 20 20 20 20 20 20 20 20 20 20 20 20 20 20 20 20 20 0 20 
0 0 0 0 0 0 0 0 0 0 0 0 0 0 0 0 0 0 0 0 0 0 0 0 0 0 0 0 0 0 
0