83 353 30 0
1 4 20
4 24 20
24 22 20
22 19 20
19 14 20
14 2 20
2 8 20
8 25 20
25 29 20
29 23 20
23 26 20
26 3 20
3 20 20
20 7 20
7 12 20
12 17 20
17 6 20
6 21 20
21 27 20
27 13 20
13 15 20
15 28 20
28 11 20
11 5 20
5 9 20
9 16 20
16 10 20
10 18 20
14 30 20
1 22 13
1 18 14
2 26 14
2 10 4
2 7 16
2 5 18
2 20 20
2 3 19
2 29 7
2 12 16
2 11 2
2 19 15
2 25 14
2 21 9
2 4 17
3 22 19
3 14 11
3 12 4
3 8 18
3 4 8
3 10 4
3 9 5
3 13 15
3 15 11
3 7 9
3 24 2
3 21 19
3 11 5
3 29 7
4 15 19
4 23 3
4 28 19
4 12 2
4 18 13
4 19 1
4 5 10
4 11 4
4 10 1
5 8 5
5 26 4
5 7 7
5 12 1
5 20 12
5 14 16
6 26 16
6 29 4
6 9 6
6 27 15
6 10 14
6 12 4
6 14 13
6 15 1
6 28 7
6 24 1
6 18 10
6 22 11
6 4 13
6 23 10
6 3 1
6 13 20
6 20 2
7 27 4
7 11 14
7 6 20
7 21 7
7 19 19
7 13 14
7 24 2
7 15 8
7 18 12
7 10 18
7 29 20
8 29 20
8 12 1
9 12 6
9 8 18
9 21 17
9 14 1
9 24 17
9 20 11
9 7 20
9 19 18
9 10 16
10 21 1
10 15 20
10 19 3
10 26 14
10 11 15
10 23 11
10 8 20
10 28 4
10 25 18
11 27 18
11 12 11
11 9 8
11 8 10
11 15 1
11 23 19
11 13 10
11 18 8
11 6 1
11 29 4
12 26 18
12 27 16
12 18 10
12 13 9
12 19 2
12 15 7
12 14 11
12 20 16
12 21 9
12 16 6
12 23 7
12 24 7
12 25 13
13 23 6
13 24 7
13 25 9
13 14 1
13 18 16
14 8 3
14 10 15
14 15 17
14 23 10
14 4 4
14 22 8
14 7 15
15 9 16
15 25 9
15 17 8
15 8 5
15 27 9
15 26 15
15 23 3
15 16 19
15 24 13
16 18 19
16 23 2
16 5 1
16 14 19
16 28 2
16 29 20
17 28 17
17 21 7
17 25 17
17 9 2
17 14 12
18 20 4
18 3 3
18 25 4
18 23 1
18 8 3
18 14 20
18 22 15
18 28 5
18 5 12
18 9 3
18 15 7
18 2 19
19 23 8
19 24 2
19 26 10
19 29 5
19 16 7
19 5 14
19 3 3
19 13 7
19 25 6
19 8 19
19 20 19
19 6 5
19 18 20
20 15 15
20 26 17
20 21 3
20 16 19
20 10 12
20 11 15
20 13 15
20 23 16
20 22 11
20 28 18
21 24 9
21 29 2
21 16 14
21 4 20
21 8 15
21 18 3
22 16 6
22 8 13
22 17 11
22 13 6
22 28 18
22 9 5
22 23 5
22 26 16
22 15 16
22 27 1
22 29 12
22 5 12
22 25 16
23 5 16
23 2 5
23 7 19
23 27 3
24 16 15
6 30 10
7 30 15
8 30 16
10 30 15
11 30 12
15 30 15
18 30 1
21 30 12
23 30 11
24 30 13
25 30 1
26 30 12
19 31 6
31 22 6
2 32 18
32 14 18
3 33 15
33 26 15
20 34 5
34 3 5
7 35 18
35 20 18
12 36 17
36 7 17
6 37 2
37 17 2
13 38 3
38 27 3
5 39 20
39 11 20
9 40 7
40 5 7
10 41 7
41 2 7
20 42 11
42 2 11
3 43 5
43 2 5
19 44 8
44 2 8
21 45 9
45 2 9
4 46 7
46 2 7
22 47 7
47 3 7
14 48 20
48 3 20
4 49 8
49 3 8
9 50 6
50 3 6
15 51 19
51 3 19
11 52 2
52 3 2
15 53 17
53 4 17
19 54 14
54 4 14
12 55 9
55 5 9
14 56 20
56 5 20
12 57 7
57 6 7
14 58 14
58 6 14
15 59 2
59 6 2
22 60 13
60 6 13
13 61 7
61 6 7
11 62 12
62 7 12
21 63 18
63 7 18
19 64 13
64 7 13
13 65 15
65 7 15
18 66 15
66 7 15
12 67 1
67 8 1
12 68 14
68 9 14
19 69 14
69 9 14
15 70 13
70 10 13
19 71 8
71 10 8
12 72 10
72 11 10
18 73 5
73 11 5
15 74 20
74 12 20
20 75 6
75 12 6
24 76 7
76 12 7
18 77 4
77 13 4
15 78 5
78 14 5
23 79 5
79 14 5
22 80 6
80 14 6
26 81 4
81 15 4
24 82 12
82 19 12
22 83 7
83 20 7
0 47 47 47 47 47 47 47 47 47 47 47 47 47 47 47 41 47 47 47 47 47 47 47 47 47 47 47 47 47 
0 0 113 93 139 89 189 150 93 125 110 98 120 158 146 106 41 131 90 129 92 90 121 80 126 159 89 110 121 153 
0 91 0 93 139 89 162 150 93 125 110 98 120 158 146 106 41 131 90 129 92 90 121 80 126 159 89 110 121 153 
0 91 107 0 107 89 107 107 93 107 107 98 107 107 107 106 41 107 90 107 92 90 107 80 107 107 89 107 107 107 
0 85 85 85 0 85 85 85 85 85 85 85 85 85 85 85 41 85 85 85 85 85 85 80 85 85 85 85 85 85 
0 91 113 93 139 0 170 150 93 125 110 98 120 158 146 106 41 131 90 129 92 90 121 80 126 159 89 110 121 153 
0 91 113 93 139 89 0 150 93 125 110 98 120 158 146 106 41 131 90 129 92 90 121 80 126 159 89 110 121 153 
0 21 21 21 21 21 21 0 21 21 21 21 21 21 21 21 21 21 21 21 21 21 21 21 41 21 21 21 41 38 
0 91 113 93 139 89 157 150 0 125 110 98 120 157 146 106 41 131 90 129 92 90 121 80 126 157 89 110 121 153 
0 91 113 93 116 89 116 133 93 0 110 98 116 116 116 106 41 116 90 116 92 90 116 80 126 116 89 110 121 148 
0 91 113 93 124 89 124 124 93 124 0 98 120 124 124 106 41 124 90 124 92 90 121 80 124 124 89 110 121 136 
0 91 113 93 139 89 196 150 93 125 110 0 120 158 146 106 41 131 90 129 92 90 121 80 126 159 89 110 121 153 
0 81 81 81 81 81 81 81 81 81 81 81 0 81 81 81 41 81 81 81 81 81 81 80 81 81 84 81 81 81 
0 91 113 93 139 89 146 146 93 125 110 98 120 0 146 106 41 131 90 129 92 90 121 80 126 146 89 110 121 153 
0 91 113 93 139 89 193 150 93 125 110 98 120 158 0 106 41 131 90 129 92 90 121 80 126 159 89 110 121 153 
0 83 83 83 83 83 83 83 83 83 83 83 83 83 83 0 41 83 83 83 83 83 83 80 83 83 83 83 83 83 
0 75 75 75 75 75 75 75 75 75 75 75 75 75 75 75 0 75 75 75 75 75 75 75 75 75 75 75 75 75 
0 91 113 93 120 89 120 120 93 120 110 98 120 120 120 106 41 0 90 120 92 90 120 80 120 120 89 110 120 121 
0 91 113 93 139 89 196 150 93 125 110 98 120 158 146 106 41 131 0 129 92 90 121 80 126 159 89 110 121 153 
0 91 113 93 139 89 183 150 93 125 110 98 120 158 146 106 41 131 90 0 92 90 121 80 126 159 89 110 121 153 
0 91 110 93 110 89 110 110 93 110 110 98 110 110 110 106 41 110 90 110 0 90 110 80 110 110 89 110 110 122 
0 91 113 93 139 89 170 150 93 125 110 98 120 158 146 106 41 131 90 129 92 0 121 80 126 159 89 110 121 153 
0 68 68 68 68 68 68 68 68 68 68 68 68 68 68 68 41 68 68 68 68 68 0 68 68 68 68 68 68 79 
0 54 54 54 54 54 54 54 54 54 54 54 54 54 54 54 41 54 54 54 54 54 54 0 54 54 54 54 54 67 
0 20 20 20 20 20 20 20 20 20 20 20 20 20 20 20 20 20 20 20 20 20 20 20 0 20 20 20 20 21 
0 24 24 24 24 24 24 24 24 24 24 24 24 24 24 24 24 24 24 24 24 24 24 24 24 0 24 24 24 36 
0 20 20 20 20 20 20 20 20 20 20 20 20 20 20 20 20 20 20 20 20 20 20 20 20 20 0 20 20 20 
0 20 20 20 20 20 20 20 20 20 20 20 20 20 20 20 20 20 20 20 20 20 20 20 20 20 20 0 20 20 
0 20 20 20 20 20 20 20 20 20 20 20 20 20 20 20 20 20 20 20 20 20 20 20 20 20 20 20 0 20 
0 0 0 0 0 0 0 0 0 0 0 0 0 0 0 0 0 0 0 0 0 0 0 0 0 0 0 0 0 0 
0