88 358 30 0
1 17 20
17 4 20
4 23 20
23 6 20
6 19 20
19 16 20
16 11 20
11 14 20
14 2 20
2 7 20
7 29 20
29 13 20
13 26 20
26 10 20
10 12 20
12 22 20
22 9 20
9 3 20
3 21 20
21 8 20
8 27 20
27 5 20
5 18 20
18 15 20
15 28 20
28 20 20
20 24 20
24 25 20
26 30 20
1 11 3
1 12 19
1 21 9
1 24 4
1 29 1
1 8 2
1 23 17
1 19 6
1 28 12
1 20 7
1 5 4
1 30 5
2 11 6
2 13 5
2 18 14
2 29 11
2 6 10
2 4 4
2 10 6
3 26 14
3 24 11
3 15 13
3 18 17
3 5 15
3 10 20
3 17 19
3 13 16
3 27 14
3 11 6
3 2 8
3 29 7
4 14 3
5 13 2
5 28 10
5 29 7
5 15 12
5 2 20
5 21 20
5 26 9
5 7 7
5 8 4
5 11 20
5 12 20
5 10 14
5 16 11
6 7 4
6 27 18
6 12 13
7 3 18
7 14 7
7 21 2
8 16 3
8 23 10
8 9 1
8 10 15
8 12 8
8 17 5
8 11 6
8 15 16
8 19 6
8 13 18
8 29 15
8 28 15
8 6 10
9 28 15
9 4 13
9 13 20
9 7 16
9 24 16
9 25 5
9 10 7
9 2 7
9 15 5
9 21 6
9 27 19
9 14 17
10 18 14
10 14 19
10 21 13
10 7 8
10 13 18
10 16 5
10 22 7
10 23 11
10 28 8
10 27 14
10 24 15
10 17 10
10 4 16
10 6 17
11 23 10
11 28 4
11 27 8
11 10 7
11 7 11
11 9 1
11 20 14
11 6 10
12 18 17
12 4 8
12 23 10
12 25 9
12 27 8
12 17 16
12 21 8
12 7 13
12 14 7
12 15 2
12 24 18
12 20 6
12 29 10
12 16 12
13 25 17
13 14 9
14 15 13
14 20 9
15 11 18
15 27 8
15 7 16
15 4 16
15 10 7
16 27 3
16 29 7
16 24 7
16 9 17
16 23 10
16 18 1
16 4 8
16 28 18
16 2 13
16 20 13
16 3 6
16 26 9
16 7 7
17 16 15
17 29 3
17 21 3
17 23 4
17 13 1
17 27 1
17 9 19
19 20 17
19 4 2
19 3 3
19 23 6
19 28 15
20 6 17
20 25 13
20 23 20
20 27 18
20 9 13
20 4 14
20 5 1
20 29 15
20 7 11
21 16 1
21 14 4
21 28 14
21 4 20
21 22 6
21 18 13
21 27 8
21 24 2
21 25 14
21 29 6
21 20 2
21 26 19
22 27 7
22 15 12
22 26 10
22 16 8
22 6 8
22 5 14
22 17 17
22 3 3
22 11 20
22 19 2
22 28 18
22 4 12
23 2 14
23 13 16
23 5 17
23 24 1
23 18 17
24 18 17
24 8 19
24 19 14
24 28 20
24 11 6
24 15 9
24 26 20
24 2 5
26 29 15
26 7 16
26 17 2
26 6 2
27 26 12
27 19 15
27 29 15
27 13 9
28 18 9
28 27 20
28 25 20
28 4 20
29 10 13
29 25 12
29 4 19
29 14 18
29 23 5
29 9 19
29 6 1
2 30 2
7 30 18
6 31 10
31 23 10
11 32 18
32 16 18
14 33 5
33 11 5
12 34 6
34 10 6
22 35 18
35 12 18
9 36 8
36 22 8
3 37 14
37 9 14
8 38 4
38 21 4
27 39 1
39 8 1
15 40 2
40 18 2
20 41 10
41 28 10
24 42 20
42 20 20
11 43 12
43 2 12
13 44 3
44 2 3
29 45 8
45 2 8
6 46 19
46 2 19
26 47 7
47 3 7
24 48 4
48 3 4
15 49 15
49 3 15
27 50 18
50 3 18
21 51 3
51 5 3
26 52 14
52 5 14
8 53 18
53 5 18
11 54 3
54 5 3
16 55 7
55 5 7
27 56 2
56 6 2
21 57 13
57 7 13
16 58 20
58 8 20
23 59 20
59 8 20
10 60 5
60 8 5
11 61 8
61 8 8
15 62 19
62 8 19
29 63 11
63 8 11
27 64 8
64 9 8
21 65 9
65 10 9
16 66 8
66 10 8
22 67 9
67 10 9
27 68 11
68 10 11
24 69 15
69 10 15
28 70 2
70 11 2
27 71 15
71 11 15
20 72 18
72 11 18
27 73 7
73 12 7
21 74 13
74 12 13
15 75 13
75 12 13
24 76 14
76 12 14
15 77 19
77 14 19
20 78 1
78 14 1
27 79 3
79 15 3
24 80 19
80 16 19
26 81 3
81 16 3
29 82 9
82 17 9
21 83 6
83 17 6
27 84 19
84 17 19
28 85 3
85 19 3
27 86 20
86 20 20
29 87 13
87 21 13
27 88 18
88 22 18
0 104 94 104 104 97 104 104 104 104 104 104 104 104 104 104 104 104 66 104 98 59 104 94 104 104 104 104 104 45 
0 0 76 76 76 76 76 76 76 76 76 76 76 76 76 76 76 76 60 76 76 59 76 76 76 76 76 76 76 40 
0 129 0 172 112 97 142 127 112 167 142 126 125 124 105 115 103 141 60 121 89 59 116 90 110 113 166 167 131 40 
0 23 23 0 23 23 23 23 23 23 23 23 23 23 23 23 23 23 23 23 23 23 23 23 23 23 23 23 23 23 
0 129 94 172 0 97 142 127 112 167 142 126 125 124 105 115 103 141 60 121 89 59 116 90 110 113 166 167 131 40 
0 84 84 84 84 0 84 84 84 84 84 84 84 84 84 84 84 84 60 84 84 59 84 84 84 84 84 84 84 40 
0 47 47 47 47 47 0 47 47 47 47 47 47 47 47 47 47 47 47 47 47 47 47 47 47 47 47 47 47 40 
0 129 94 170 112 97 142 0 112 167 142 126 125 124 105 115 103 141 60 121 89 59 116 90 110 113 166 167 131 40 
0 129 94 169 112 97 142 127 0 167 142 126 125 124 105 115 103 141 60 121 89 59 116 90 110 113 166 167 131 40 
0 129 94 172 112 97 142 127 112 0 142 126 125 124 105 115 103 141 60 121 89 59 116 90 110 113 166 167 131 40 
0 126 94 126 112 97 126 126 112 126 0 126 125 124 105 115 103 126 60 121 89 59 116 90 110 113 126 126 126 40 
0 129 94 161 112 97 142 127 112 161 142 0 125 124 105 115 103 141 60 121 89 59 116 90 110 113 161 161 131 40 
0 32 32 32 32 32 32 32 32 32 32 32 0 32 32 32 32 32 32 32 32 32 32 32 49 32 32 32 32 32 
0 47 47 47 47 47 47 47 47 47 47 47 47 0 47 47 47 47 47 47 47 47 47 47 47 47 47 47 47 40 
0 129 94 151 112 97 142 127 112 151 142 126 125 124 0 115 103 141 60 121 89 59 116 90 110 113 151 151 131 40 
0 129 94 172 112 97 142 127 112 167 142 126 125 124 105 0 103 141 60 121 89 59 116 90 110 113 166 167 131 40 
0 66 66 66 66 66 66 66 66 66 66 66 66 66 66 66 0 66 60 66 66 59 66 66 66 66 66 66 66 40 
0 20 20 20 20 20 20 20 20 20 20 20 20 20 20 20 20 0 20 20 20 20 20 20 20 20 20 20 20 20 
0 63 63 63 63 63 63 63 63 63 63 63 63 63 63 63 63 63 0 63 63 59 63 63 63 63 63 63 63 40 
0 129 94 158 112 97 142 127 112 158 142 126 125 124 105 115 103 141 60 0 89 59 116 90 110 113 158 158 131 40 
0 129 94 159 112 97 142 127 112 159 142 126 125 124 105 115 103 141 60 121 0 59 116 90 110 113 159 159 131 40 
0 129 94 172 112 97 142 127 112 167 142 126 125 124 105 115 103 141 60 121 89 0 116 90 110 113 166 167 131 40 
0 105 94 105 105 97 105 105 105 105 105 105 105 105 105 105 103 105 60 105 89 59 0 90 105 105 105 105 105 40 
0 129 94 172 112 97 142 127 112 167 142 126 125 124 105 115 103 141 60 121 89 59 116 0 110 113 166 167 131 40 
0 0 0 0 0 0 0 0 0 0 0 0 0 0 0 0 0 0 0 0 0 0 0 0 0 0 0 0 0 0 
0 79 79 79 79 79 79 79 79 79 79 79 79 79 79 79 79 79 60 79 79 59 79 79 79 0 79 79 79 40 
0 129 94 172 112 97 142 127 112 167 142 126 125 124 105 115 103 141 60 121 89 59 116 90 110 113 0 167 131 40 
0 74 74 74 74 74 74 74 74 74 74 74 74 74 74 74 74 74 60 74 74 59 74 74 94 74 74 0 74 40 
0 129 94 136 112 97 136 127 112 136 136 126 125 124 105 115 103 136 60 121 89 59 116 90 110 113 136 136 0 40 
0 0 0 0 0 0 0 0 0 0 0 0 0 0 0 0 0 0 0 0 0 0 0 0 0 0 0 0 0 0 
0