82 352 30 0
1 15 20
15 16 20
16 6 20
6 18 20
18 23 20
23 11 20
11 26 20
26 27 20
27 22 20
22 13 20
13 4 20
4 24 20
24 5 20
5 8 20
8 14 20
14 12 20
12 2 20
2 28 20
28 21 20
21 3 20
3 9 20
9 7 20
7 10 20
10 20 20
20 17 20
17 29 20
29 25 20
25 19 20
17 30 20
1 29 20
1 23 17
1 19 13
1 24 18
1 30 1
2 3 3
2 22 10
2 29 17
2 6 13
2 9 16
2 11 5
2 16 11
2 26 5
2 23 2
2 18 20
2 10 9
2 4 6
2 20 20
2 7 15
2 13 8
2 25 8
3 11 13
3 25 11
3 17 18
3 5 16
3 13 13
3 24 4
3 23 15
3 20 4
4 29 2
4 19 11
4 27 7
4 17 20
4 7 13
4 12 18
4 3 10
4 28 4
4 21 14
4 6 12
4 5 10
4 9 18
4 15 8
4 20 11
4 26 14
4 22 12
5 10 8
5 28 12
5 9 2
5 23 13
5 27 14
6 22 4
6 13 12
6 17 3
6 7 8
6 14 12
6 28 2
6 8 6
6 10 12
6 29 4
6 3 3
6 23 11
7 8 19
7 27 8
7 15 2
7 25 14
7 18 16
8 26 8
8 24 1
8 13 1
8 10 1
8 18 1
8 2 15
8 27 8
8 4 19
8 9 10
8 17 16
9 19 14
9 10 20
10 11 19
11 29 15
11 15 16
11 16 10
11 6 13
11 20 11
11 12 9
11 19 11
11 21 6
11 4 20
11 13 4
11 8 13
11 5 20
12 21 13
12 29 11
12 28 7
12 19 18
13 21 6
13 12 18
13 27 18
13 28 15
13 10 20
13 29 9
13 15 10
13 24 18
13 25 16
13 7 13
13 9 18
13 19 10
13 20 4
13 16 15
14 19 1
14 21 16
14 23 9
14 17 5
14 4 7
14 9 12
14 20 12
15 6 9
15 2 18
16 25 3
16 5 4
16 4 12
16 18 12
16 24 13
16 14 16
16 3 2
16 26 9
17 11 14
17 21 16
17 2 6
17 24 16
17 5 18
17 23 14
17 19 4
17 18 14
17 10 2
17 28 18
17 25 5
17 27 14
17 22 20
18 25 4
18 5 14
18 12 19
18 11 7
18 3 13
18 28 12
18 9 9
19 2 14
19 5 11
19 22 11
19 29 1
19 10 20
19 3 16
19 23 2
19 27 18
19 21 9
19 24 13
19 28 4
19 26 18
19 16 8
20 21 13
20 29 19
20 16 1
20 18 6
20 26 19
20 25 1
20 15 17
20 7 12
20 8 17
20 23 10
20 19 3
21 23 2
21 24 8
21 2 17
21 7 8
22 28 17
23 10 13
23 7 10
23 22 16
23 15 6
23 13 2
23 26 14
23 28 14
23 4 7
23 16 17
24 15 6
24 27 2
24 23 10
24 9 1
24 18 6
24 2 12
24 28 8
24 14 11
24 29 17
25 15 19
25 27 7
26 28 19
27 23 1
27 14 3
27 12 3
27 6 6
27 3 8
28 10 5
29 14 10
29 21 6
29 15 16
4 30 1
5 30 14
7 30 12
10 30 4
11 30 18
12 30 8
14 30 14
15 30 9
16 30 17
20 30 1
24 30 14
25 30 12
27 30 19
28 30 7
18 31 16
31 6 16
23 32 20
32 18 20
11 33 14
33 23 14
13 34 11
34 22 11
4 35 13
35 13 13
24 36 19
36 4 19
12 37 17
37 14 17
2 38 3
38 12 3
28 39 1
39 2 1
21 40 1
40 28 1
3 41 18
41 21 18
17 42 14
42 20 14
29 43 1
43 17 1
25 44 19
44 29 19
19 45 11
45 25 11
22 46 7
46 2 7
11 47 13
47 2 13
18 48 16
48 2 16
4 49 9
49 2 9
20 50 2
50 2 2
25 51 14
51 2 14
17 52 9
52 3 9
13 53 9
53 3 9
23 54 5
54 3 5
19 55 18
55 4 18
23 56 15
56 5 15
22 57 11
57 6 11
23 58 12
58 6 12
27 59 20
59 7 20
13 60 8
60 8 8
20 61 2
61 11 2
13 62 2
62 11 2
21 63 12
63 12 12
19 64 8
64 12 8
21 65 17
65 13 17
27 66 18
66 13 18
29 67 16
67 13 16
24 68 6
68 13 6
25 69 19
69 13 19
20 70 15
70 13 15
16 71 12
71 13 12
19 72 17
72 14 17
17 73 12
73 14 12
20 74 13
74 14 13
27 75 11
75 17 11
22 76 10
76 17 10
22 77 17
77 19 17
24 78 17
78 19 17
26 79 2
79 19 2
23 80 7
80 20 7
24 81 7
81 21 7
27 82 11
82 24 11
0 88 88 88 88 88 88 83 88 88 82 88 88 88 88 82 88 88 88 88 88 88 88 88 88 88 88 88 88 89 
0 0 98 128 128 112 119 83 106 130 82 110 176 131 100 82 104 115 128 103 144 104 123 104 93 107 116 153 134 170 
0 132 0 128 128 112 119 83 106 130 82 110 132 131 100 82 104 115 128 103 132 104 123 104 93 107 116 132 132 132 
0 164 98 0 128 112 119 83 106 130 82 110 176 131 100 82 104 115 128 103 144 104 123 104 93 107 116 153 134 170 
0 69 69 69 0 69 69 69 69 69 69 69 69 69 69 69 69 69 69 69 69 69 69 69 69 69 69 69 69 83 
0 97 97 97 97 0 97 83 97 97 82 97 97 97 97 82 97 97 97 97 97 97 97 97 93 97 97 97 97 97 
0 79 79 79 79 79 0 79 79 79 79 79 79 79 79 79 79 79 79 79 79 79 79 79 79 79 79 79 79 91 
0 100 98 100 100 100 100 0 100 100 82 100 100 100 100 82 100 100 100 100 100 100 100 100 93 100 100 100 100 100 
0 54 54 54 54 54 54 54 0 54 54 54 54 54 54 54 54 54 54 54 54 54 54 54 54 54 54 54 54 54 
0 39 39 39 39 39 39 39 39 0 39 39 39 39 39 39 39 39 39 39 39 39 39 39 39 39 39 39 39 43 
0 164 98 128 128 112 119 83 106 130 0 110 176 131 100 82 104 115 128 103 144 104 123 104 93 107 116 153 134 170 
0 86 86 86 86 86 86 83 86 86 82 0 86 86 86 82 86 86 86 86 86 86 86 86 86 86 86 86 86 94 
0 164 98 128 128 112 119 83 106 130 82 110 0 131 100 82 104 115 128 103 144 104 123 104 93 107 116 153 134 170 
0 82 82 82 82 82 82 82 82 82 82 82 82 0 82 82 82 82 82 82 82 82 82 82 82 82 82 82 82 96 
0 47 47 47 47 47 47 47 47 47 47 47 47 47 0 47 47 47 47 47 47 47 47 47 47 47 47 47 47 56 
0 103 98 103 103 103 103 83 103 103 82 103 103 103 100 0 103 103 103 103 103 103 103 103 93 103 103 103 103 120 
0 164 98 128 128 112 119 83 106 130 82 110 176 131 100 82 0 115 128 103 144 104 123 104 93 107 116 153 134 170 
0 130 98 128 128 112 119 83 106 130 82 110 130 130 100 82 104 0 128 103 130 104 123 104 93 107 116 130 130 130 
0 164 98 128 128 112 119 83 106 130 82 110 176 131 100 82 104 115 0 103 144 104 123 104 93 107 116 153 134 170 
0 164 98 128 128 112 119 83 106 130 82 110 170 131 100 82 104 115 128 0 144 104 123 104 93 107 116 153 134 170 
0 85 85 85 85 85 85 83 85 85 82 85 85 85 85 82 85 85 85 85 0 85 85 85 85 85 85 85 85 85 
0 82 82 82 82 82 82 82 82 82 82 82 82 82 82 82 82 82 82 82 82 0 82 82 82 82 82 82 82 82 
0 164 98 128 128 112 119 83 106 130 82 110 176 131 100 82 104 115 128 103 144 104 0 104 93 107 116 153 134 170 
0 142 98 128 128 112 119 83 106 130 82 110 142 131 100 82 104 115 128 103 142 104 123 0 93 107 116 142 134 156 
0 98 98 98 98 98 98 83 98 98 82 98 98 98 98 82 98 98 98 98 98 98 98 98 0 98 98 98 98 110 
0 41 41 41 41 41 41 41 41 41 41 41 41 41 41 41 41 41 41 41 41 41 41 41 41 0 41 41 41 41 
0 101 98 101 101 101 101 83 101 101 82 101 101 101 100 82 101 101 101 101 101 101 101 101 93 101 0 101 101 120 
0 26 26 26 26 26 26 26 26 26 26 26 26 26 26 26 26 26 26 26 26 26 26 26 26 26 26 0 26 33 
0 69 69 69 69 69 69 69 69 69 69 69 69 69 69 69 69 69 69 69 69 69 69 69 69 69 69 69 0 69 
0 0 0 0 0 0 0 0 0 0 0 0 0 0 0 0 0 0 0 0 0 0 0 0 0 0 0 0 0 0 
0