82 352 30 0
1 6 20
6 10 20
10 2 20
2 5 20
5 18 20
18 14 20
14 27 20
27 12 20
12 20 20
20 21 20
21 8 20
8 7 20
7 3 20
3 13 20
13 15 20
15 24 20
24 23 20
23 22 20
22 17 20
17 28 20
28 26 20
26 4 20
4 19 20
19 11 20
11 16 20
16 9 20
9 29 20
29 25 20
17 30 20
1 3 7
1 28 6
1 15 5
1 24 5
1 18 4
1 19 4
1 11 20
1 22 18
1 5 11
1 12 20
1 14 12
1 16 3
1 17 1
1 20 12
1 9 9
1 21 18
1 30 7
2 28 11
2 3 5
3 23 10
3 20 6
3 15 17
4 10 12
4 27 14
4 8 16
4 13 16
4 29 9
4 22 10
4 17 9
4 25 8
4 5 4
4 16 9
5 7 5
5 10 4
5 20 4
5 8 8
5 26 8
5 16 20
5 23 19
5 28 15
5 25 5
5 29 4
5 9 8
5 3 8
5 14 20
5 15 2
5 13 8
5 27 3
5 21 2
6 11 16
6 14 18
6 12 4
6 26 7
6 29 16
6 9 2
6 13 1
6 24 20
6 17 20
7 2 7
7 11 7
7 10 19
7 4 14
7 6 19
7 21 16
7 15 2
7 29 14
7 16 17
8 26 9
8 17 18
8 15 5
8 3 15
10 11 19
10 12 12
10 23 11
11 9 9
12 22 19
12 24 12
12 18 10
12 13 18
12 19 8
12 17 16
12 29 7
12 25 4
12 4 1
12 8 2
12 15 4
12 14 19
12 9 12
12 7 7
12 3 20
12 2 10
13 8 6
13 2 20
13 16 20
13 10 2
14 25 15
14 7 8
14 13 12
14 11 8
14 20 11
14 21 9
14 23 19
14 8 2
14 4 18
14 9 16
14 19 20
14 16 13
14 28 4
14 29 13
14 17 8
15 2 18
15 20 1
15 4 14
15 23 5
15 6 11
15 11 2
15 28 4
15 21 15
16 21 3
16 10 11
16 2 16
16 25 1
16 3 19
16 18 9
16 27 10
16 12 6
16 17 13
16 29 2
16 20 19
17 20 4
18 26 15
18 6 16
19 5 19
20 25 3
20 8 9
20 28 19
20 4 12
20 6 11
20 29 9
20 26 15
20 9 12
21 28 14
21 17 13
21 6 19
21 4 3
21 23 8
21 22 18
21 13 14
21 25 16
21 26 15
22 7 19
23 9 13
23 18 12
23 29 17
23 12 19
23 13 9
23 4 2
24 8 15
24 13 15
24 25 15
24 11 14
24 2 6
24 3 11
24 26 7
24 27 14
24 9 9
24 18 17
24 20 3
26 19 4
26 23 9
26 3 6
26 27 20
26 9 11
26 25 15
26 16 1
26 12 19
26 2 15
27 8 13
27 29 14
27 13 6
27 10 3
27 3 16
27 22 10
27 25 1
27 7 18
27 23 15
27 17 14
28 9 1
28 7 3
28 8 1
28 29 13
28 11 12
28 13 1
28 10 10
28 4 18
28 23 7
28 22 8
28 18 2
28 27 8
29 15 5
29 21 19
29 26 1
29 24 5
29 18 1
29 13 4
29 8 7
29 17 3
4 30 18
5 30 6
6 30 15
7 30 1
8 30 4
10 30 8
13 30 1
14 30 11
18 30 10
26 30 17
27 30 4
28 30 3
10 31 4
31 6 4
5 32 1
32 2 1
27 33 9
33 14 9
20 34 13
34 12 13
21 35 20
35 20 20
13 36 19
36 3 19
15 37 10
37 13 10
23 38 5
38 24 5
22 39 7
39 23 7
28 40 10
40 17 10
3 41 11
41 2 11
20 42 1
42 3 1
27 43 15
43 4 15
8 44 11
44 4 11
13 45 10
45 4 10
29 46 7
46 4 7
16 47 9
47 4 9
7 48 15
48 5 15
20 49 6
49 5 6
16 50 3
50 5 3
28 51 7
51 5 7
29 52 13
52 5 13
14 53 4
53 5 4
27 54 12
54 5 12
14 55 10
55 6 10
12 56 9
56 6 9
29 57 2
57 6 2
17 58 13
58 6 13
21 59 6
59 7 6
12 60 9
60 10 9
23 61 9
61 10 9
24 62 10
62 12 10
29 63 4
63 12 4
16 64 15
64 13 15
21 65 13
65 14 13
23 66 8
66 14 8
16 67 16
67 14 16
29 68 14
68 14 14
23 69 19
69 15 19
21 70 3
70 15 3
17 71 2
71 16 2
29 72 1
72 16 1
20 73 18
73 16 18
20 74 14
74 17 14
26 75 4
75 18 4
28 76 18
76 20 18
29 77 12
77 20 12
26 78 6
78 20 6
26 79 3
79 24 3
27 80 1
80 24 1
27 81 13
81 26 13
29 82 3
82 27 3
0 124 147 154 114 134 86 99 122 99 118 127 149 149 82 124 159 79 56 136 102 103 130 71 103 110 92 93 138 125 
0 0 36 36 36 36 36 36 36 36 36 36 36 36 36 36 36 36 36 36 36 36 36 36 36 36 36 36 36 36 
0 64 0 64 64 64 64 64 64 64 64 64 64 64 64 64 64 64 52 64 64 64 64 64 64 64 64 64 64 64 
0 119 119 0 103 114 86 99 113 99 98 107 119 119 77 119 119 75 52 119 84 85 119 66 103 110 92 87 119 118 
0 124 140 154 0 114 86 99 113 99 98 107 149 137 77 121 158 75 52 124 84 85 130 66 103 110 92 87 138 118 
0 124 124 124 103 0 86 99 113 99 98 107 124 124 77 121 124 75 52 124 84 85 124 66 103 110 92 87 124 118 
0 124 140 150 103 114 0 99 113 99 98 107 149 137 77 121 150 75 52 124 84 85 130 66 103 110 92 87 138 118 
0 78 78 78 78 78 78 0 78 78 78 78 78 78 77 78 78 75 52 78 78 78 78 66 78 78 78 78 78 82 
0 20 20 20 20 20 20 20 0 20 20 20 20 20 20 20 20 20 20 20 20 20 20 20 20 20 20 20 20 20 
0 66 66 66 66 66 66 66 66 0 66 66 66 66 66 66 66 66 52 66 66 66 66 66 66 66 66 66 66 74 
0 29 29 29 29 29 29 29 29 29 0 29 29 29 29 29 29 29 29 29 29 29 29 29 29 29 29 29 29 29 
0 124 140 154 103 114 86 99 113 99 98 0 149 137 77 121 158 75 52 124 84 85 130 66 103 110 92 87 138 118 
0 97 97 97 97 97 86 97 97 97 97 97 0 97 77 97 97 75 52 97 84 85 97 66 97 97 92 87 97 98 
0 124 140 154 103 114 86 99 113 99 98 107 149 0 77 121 158 75 52 124 84 85 130 66 103 110 92 87 138 118 
0 100 100 100 100 100 86 99 100 99 98 100 100 100 0 100 100 75 52 100 84 85 100 66 100 100 92 87 100 100 
0 124 140 154 103 114 86 99 113 99 98 107 149 137 77 0 158 75 52 124 84 85 130 66 103 110 92 87 138 118 
0 39 39 39 39 39 39 39 39 39 39 39 39 39 39 39 0 39 39 39 39 39 39 39 39 39 39 39 39 59 
0 51 51 51 51 51 51 51 51 51 51 51 51 51 51 51 51 0 51 51 51 51 51 51 51 51 51 51 51 61 
0 39 39 39 39 39 39 39 39 39 39 39 39 39 39 39 39 39 0 39 39 39 39 39 39 39 39 39 39 39 
0 124 140 154 103 114 86 99 113 99 98 107 149 137 77 121 158 75 52 0 84 85 130 66 103 110 92 87 138 118 
0 124 140 154 103 114 86 99 113 99 98 107 149 137 77 121 158 75 52 124 0 85 130 66 103 110 92 87 138 118 
0 46 46 46 46 46 46 46 46 46 46 46 46 46 46 46 46 46 46 46 46 0 46 46 46 46 46 46 46 46 
0 124 133 133 103 114 86 99 113 99 98 107 133 133 77 121 133 75 52 124 84 85 0 66 103 110 92 87 133 118 
0 124 140 141 103 114 86 99 113 99 98 107 141 137 77 121 141 75 52 124 84 85 130 0 103 110 92 87 138 118 
0 0 0 0 0 0 0 0 0 0 0 0 0 0 0 0 0 0 0 0 0 0 0 0 0 0 0 0 0 0 
0 118 118 118 103 114 86 99 113 99 98 107 118 118 77 118 118 75 52 118 84 85 118 66 103 0 92 87 118 118 
0 124 140 154 103 114 86 99 113 99 98 107 149 137 77 121 158 75 52 124 84 85 130 66 103 110 0 87 138 118 
0 124 139 139 103 114 86 99 113 99 98 107 139 137 77 121 139 75 52 124 84 85 130 66 103 110 92 0 138 118 
0 101 101 101 101 101 86 99 101 99 98 101 101 101 77 101 101 75 52 101 84 85 101 66 103 101 92 87 0 101 
0 0 0 0 0 0 0 0 0 0 0 0 0 0 0 0 0 0 0 0 0 0 0 0 0 0 0 0 0 0 
0