72 342 30 0
1 14 20
14 15 20
15 29 20
29 28 20
28 10 20
10 25 20
25 17 20
17 21 20
21 8 20
8 16 20
16 12 20
12 24 20
24 18 20
18 23 20
23 27 20
27 4 20
4 19 20
19 5 20
5 26 20
26 3 20
3 9 20
9 11 20
11 7 20
7 13 20
13 6 20
6 22 20
22 20 20
20 2 20
14 30 20
1 9 10
1 29 18
1 17 19
1 13 16
1 8 7
1 23 8
1 26 6
1 2 18
1 11 17
1 25 14
1 18 2
1 6 5
1 12 15
1 3 11
1 5 20
1 24 13
1 16 20
1 15 11
1 28 1
2 24 3
2 5 10
2 23 4
2 8 4
2 10 3
2 4 13
2 7 17
2 16 17
2 6 19
2 21 20
2 15 9
2 28 11
2 14 1
2 19 6
3 20 13
3 13 15
3 17 19
4 20 8
4 11 12
4 9 13
4 21 14
4 26 10
4 17 4
4 23 1
4 28 19
4 15 12
4 18 7
4 29 2
4 7 14
4 24 13
4 16 4
5 24 17
5 18 13
5 7 7
5 23 4
5 8 16
5 17 2
5 11 2
5 16 9
6 4 14
6 26 15
6 24 16
6 3 13
6 8 13
6 29 11
6 21 2
6 9 4
6 15 17
6 25 1
6 19 6
6 18 14
6 20 12
6 27 20
6 5 4
7 8 9
7 10 1
7 21 3
7 29 5
8 11 16
8 14 14
8 22 13
8 29 1
8 27 9
8 3 4
8 9 11
8 28 7
9 19 20
9 2 18
9 23 3
9 7 14
9 5 19
9 20 10
9 29 14
9 27 13
9 14 15
10 3 16
10 26 9
10 5 16
10 13 13
10 16 4
10 20 13
10 21 14
10 22 13
10 18 13
10 9 19
10 24 13
11 13 1
11 17 4
11 29 4
11 22 2
12 2 12
12 20 2
12 3 13
12 10 4
12 27 19
12 22 9
12 19 2
12 5 13
12 7 2
12 17 11
12 28 10
12 21 19
12 4 4
12 9 20
12 13 9
12 18 19
14 12 2
14 3 10
15 26 6
15 24 10
15 10 13
15 20 2
15 17 13
15 12 18
15 3 20
15 25 17
15 19 4
15 9 8
15 16 7
15 18 17
15 11 15
16 21 13
16 13 1
16 25 12
16 24 9
16 3 3
16 11 12
16 28 17
16 23 14
16 14 10
16 26 2
17 16 9
17 28 2
17 27 1
17 8 12
17 26 14
17 7 7
17 10 19
17 20 8
18 26 10
18 8 19
18 16 9
18 13 13
18 19 12
19 11 14
19 17 1
19 14 7
19 3 6
19 7 3
19 29 20
19 24 12
19 20 4
19 16 20
19 26 3
19 13 17
19 27 17
19 21 2
19 23 19
19 8 4
20 18 11
20 8 2
20 26 2
20 25 17
20 28 20
20 24 2
20 27 3
20 14 20
20 5 5
20 16 18
21 3 2
21 24 17
21 27 15
21 22 5
21 14 18
21 18 10
21 13 17
21 26 4
22 9 5
22 4 13
22 18 7
22 23 8
22 16 9
22 5 13
22 28 1
23 20 11
23 11 9
23 12 14
23 21 8
23 28 16
23 6 1
24 11 14
24 9 18
24 28 3
24 23 9
24 13 3
24 25 16
24 22 9
25 27 16
25 8 14
25 29 1
25 26 11
27 18 16
27 14 17
5 30 18
6 30 12
7 30 20
8 30 8
9 30 5
10 30 15
11 30 19
28 31 13
31 29 13
21 32 1
32 17 1
18 33 16
33 24 16
19 34 16
34 4 16
9 35 8
35 3 8
6 36 15
36 13 15
8 37 1
37 2 1
4 38 1
38 2 1
15 39 1
39 2 1
19 40 1
40 2 1
20 41 13
41 4 13
9 42 19
42 4 19
21 43 2
43 4 2
26 44 3
44 4 3
23 45 6
45 4 6
18 46 4
46 4 4
7 47 3
47 4 3
16 48 8
48 5 8
8 49 19
49 6 19
18 50 3
50 6 3
20 51 18
51 6 18
27 52 3
52 6 3
11 53 2
53 8 2
27 54 5
54 8 5
23 55 13
55 9 13
20 56 9
56 9 9
26 57 19
57 10 19
16 58 9
58 10 9
17 59 14
59 11 14
22 60 1
60 11 1
20 61 6
61 12 6
22 62 18
62 12 18
21 63 6
63 12 6
24 64 3
64 15 3
20 65 13
65 15 13
16 66 4
66 15 4
21 67 5
67 16 5
23 68 17
68 16 17
20 69 13
69 17 13
26 70 17
70 18 17
26 71 3
71 19 3
26 72 12
72 20 12
0 72 126 130 128 88 84 127 150 88 146 99 140 122 89 168 107 166 73 115 115 71 90 161 97 112 133 127 109 117 
0 0 115 130 108 83 84 120 137 88 129 84 124 102 78 137 88 137 73 115 115 71 82 137 83 106 133 126 91 117 
0 54 0 67 67 67 67 67 67 67 67 67 67 67 67 67 67 67 67 67 67 67 67 67 67 67 67 67 67 67 
0 54 115 0 108 83 84 120 140 88 129 84 124 102 78 148 88 153 73 115 115 71 82 148 83 106 133 126 91 117 
0 54 90 90 0 83 84 90 90 88 90 84 90 90 78 90 88 90 73 90 90 71 82 90 83 90 90 90 90 108 
0 54 115 130 108 0 84 120 140 88 129 84 124 102 78 148 88 164 73 115 115 71 82 148 83 106 133 126 91 117 
0 41 41 41 41 41 0 41 41 41 41 41 41 41 41 41 41 41 41 41 41 41 41 41 41 41 41 41 41 61 
0 54 115 115 108 83 84 0 115 88 115 84 115 102 78 115 88 115 73 115 115 71 82 115 83 106 115 115 91 117 
0 54 115 130 108 83 84 120 0 88 129 84 124 102 78 148 88 164 73 115 115 71 82 148 83 106 133 126 91 117 
0 54 115 130 108 83 84 120 140 0 129 84 124 102 78 148 88 163 73 115 115 71 82 148 83 106 133 126 91 117 
0 33 33 33 33 33 33 33 33 33 0 33 33 33 33 33 33 33 33 33 33 33 33 33 33 33 33 33 33 52 
0 54 115 130 108 83 84 120 140 88 129 0 124 102 78 148 88 164 73 115 115 71 82 148 83 106 133 126 91 117 
0 20 20 20 20 20 20 20 20 20 20 20 0 20 20 20 20 20 20 20 20 20 20 20 20 20 20 20 20 20 
0 32 32 32 32 32 32 32 32 32 32 32 32 0 32 32 32 32 32 32 32 32 32 32 32 32 32 32 32 52 
0 54 115 130 108 83 84 120 140 88 129 84 124 102 0 148 88 164 73 115 115 71 82 148 83 106 133 126 91 117 
0 54 115 130 108 83 84 120 134 88 129 84 124 102 78 0 88 134 73 115 115 71 82 134 83 106 133 126 91 117 
0 54 106 106 106 83 84 106 106 88 106 84 106 102 78 106 0 106 73 106 106 71 82 106 83 106 106 106 91 106 
0 54 106 106 106 83 84 106 106 88 106 84 106 102 78 106 88 0 73 106 106 71 82 106 83 106 106 106 91 106 
0 54 115 130 108 83 84 120 140 88 129 84 124 102 78 148 88 164 0 115 115 71 82 148 83 106 133 126 91 117 
0 54 115 130 108 83 84 120 140 88 129 84 124 102 78 148 88 164 73 0 115 71 82 148 83 106 133 126 91 117 
0 54 115 122 108 83 84 120 122 88 122 84 122 102 78 122 88 122 73 115 0 71 82 122 83 106 122 122 91 117 
0 54 95 95 95 83 84 95 95 88 95 84 95 95 78 95 88 95 73 95 95 0 82 95 83 95 95 95 91 95 
0 54 115 115 108 83 84 115 115 88 115 84 115 102 78 115 88 115 73 115 115 71 0 115 83 106 115 115 91 115 
0 54 95 95 95 83 84 95 95 88 95 84 95 95 78 95 88 95 73 95 95 71 82 0 83 95 95 95 91 95 
0 54 62 62 62 62 62 62 62 62 62 62 62 62 62 62 62 62 62 62 62 62 62 62 0 62 62 62 62 62 
0 54 74 74 74 74 74 74 74 74 74 74 74 74 74 74 74 74 73 74 74 71 74 74 74 0 74 74 74 74 
0 54 61 61 61 61 61 61 61 61 61 61 61 61 61 61 61 61 61 61 61 61 61 61 61 61 0 61 61 61 
0 20 20 20 20 20 20 20 20 20 20 20 20 20 20 20 20 20 20 20 20 20 20 20 20 20 20 0 33 20 
0 20 20 20 20 20 20 20 20 20 20 20 20 20 20 20 20 20 20 20 20 20 20 20 20 20 20 20 0 20 
0 0 0 0 0 0 0 0 0 0 0 0 0 0 0 0 0 0 0 0 0 0 0 0 0 0 0 0 0 0 
0