86 356 30 0
1 28 20
28 22 20
22 20 20
20 6 20
6 10 20
10 21 20
21 3 20
3 18 20
18 2 20
2 27 20
27 5 20
5 4 20
4 19 20
19 16 20
16 17 20
17 9 20
9 25 20
25 7 20
7 15 20
15 26 20
26 23 20
23 24 20
24 14 20
14 12 20
12 29 20
29 8 20
8 11 20
11 13 20
22 30 20
1 6 6
1 9 5
1 10 11
2 16 19
2 4 10
2 15 4
2 11 18
3 4 5
3 16 14
3 28 4
3 7 6
3 2 16
3 19 8
3 23 17
3 15 10
3 13 19
3 6 6
3 12 8
4 24 14
4 6 12
4 7 19
4 28 14
4 16 12
4 15 1
4 27 18
4 22 3
4 29 6
5 24 5
5 11 6
5 22 16
5 15 19
5 8 18
5 17 8
5 29 10
5 16 19
5 9 9
5 13 9
5 14 1
5 3 12
5 2 15
5 6 3
5 7 8
5 26 16
6 27 6
6 2 17
6 11 16
6 13 7
6 8 16
6 17 13
6 22 3
6 26 14
6 28 9
6 29 3
6 18 17
6 7 11
6 15 17
7 24 12
7 8 13
7 27 13
7 9 16
7 16 9
7 17 5
7 19 2
8 10 16
8 27 13
8 26 9
8 25 2
8 12 10
8 4 3
8 21 5
9 13 16
9 15 7
9 11 10
9 27 8
9 10 13
9 19 8
9 14 12
9 4 6
9 8 5
9 18 10
9 2 16
10 29 9
10 20 7
10 14 20
10 26 3
10 24 11
10 12 3
10 23 6
10 7 2
10 27 2
10 2 14
10 4 14
10 11 18
11 21 8
11 17 10
12 11 18
12 26 12
12 18 12
12 21 18
12 5 12
12 16 11
12 15 20
12 17 1
12 25 5
12 28 18
12 7 5
12 27 2
13 19 6
13 22 9
13 29 11
13 14 19
13 28 9
13 7 3
13 24 9
13 23 12
14 7 10
14 8 8
14 16 4
14 25 18
14 6 1
14 18 17
14 28 6
14 3 16
14 2 18
14 27 16
14 21 6
14 4 12
14 20 11
15 17 12
15 25 7
15 22 1
16 28 6
16 10 6
16 25 17
16 9 11
16 15 8
16 21 8
16 27 20
16 18 19
17 27 17
17 21 2
17 13 20
17 20 12
17 14 1
17 28 1
17 10 1
17 22 18
17 25 2
18 8 18
18 27 6
18 11 4
18 25 10
18 28 11
18 26 13
18 4 13
18 19 18
18 7 11
18 20 9
18 21 18
18 17 5
19 23 18
19 27 14
19 11 6
19 15 11
19 12 20
19 24 1
19 26 11
19 28 9
19 14 19
21 24 12
21 25 7
21 22 17
21 27 17
21 23 13
21 9 8
22 3 14
22 18 3
22 27 8
22 16 12
22 24 12
22 12 15
22 11 18
22 14 4
22 25 1
22 8 2
22 9 4
22 23 6
22 10 2
22 19 4
22 29 11
23 20 12
23 6 5
23 8 14
23 9 20
24 3 15
24 26 8
24 6 14
24 8 11
24 25 20
24 16 6
24 2 3
24 18 9
24 20 20
24 29 6
24 9 18
24 12 12
25 2 16
25 27 16
26 22 5
26 27 3
27 11 5
2 30 9
4 30 16
5 30 1
6 30 14
10 31 20
31 6 20
18 32 7
32 3 7
4 33 2
33 5 2
17 34 18
34 16 18
9 35 6
35 17 6
25 36 14
36 9 14
24 37 5
37 23 5
14 38 8
38 24 8
12 39 18
39 14 18
13 40 14
40 11 14
4 41 5
41 2 5
15 42 5
42 2 5
23 43 20
43 3 20
6 44 8
44 3 8
12 45 16
45 3 16
24 46 8
46 4 8
6 47 3
47 4 3
7 48 8
48 4 8
22 49 13
49 4 13
24 50 18
50 5 18
22 51 18
51 5 18
17 52 10
52 5 10
16 53 18
53 5 18
9 54 13
54 5 13
13 55 10
55 5 10
14 56 14
56 5 14
8 57 16
57 6 16
17 58 13
58 6 13
7 59 6
59 6 6
15 60 20
60 6 20
8 61 1
61 7 1
16 62 8
62 7 8
19 63 3
63 7 3
12 64 3
64 8 3
15 65 18
65 9 18
27 66 11
66 9 11
19 67 16
67 9 16
18 68 18
68 9 18
14 69 19
69 10 19
18 70 1
70 12 1
21 71 14
71 12 14
15 72 17
72 12 17
17 73 6
73 12 6
25 74 10
74 12 10
19 75 17
75 13 17
14 76 6
76 13 6
24 77 12
77 13 12
23 78 5
78 13 5
21 79 11
79 14 11
25 80 2
80 16 2
18 81 15
81 16 15
22 82 19
82 17 19
24 83 4
83 19 4
24 84 14
84 21 14
22 85 14
85 21 14
24 86 10
86 22 10
0 42 42 42 42 42 42 42 42 42 42 42 42 42 42 42 42 42 42 42 42 42 42 42 42 42 42 42 42 42 
0 0 71 71 71 71 71 71 71 71 71 71 71 71 71 71 71 71 70 71 71 71 71 71 71 71 71 71 71 60 
0 133 0 115 133 133 107 128 133 77 133 133 131 125 117 133 99 107 70 91 113 102 97 104 109 106 133 87 76 60 
0 126 126 0 126 126 107 126 126 77 126 126 126 125 117 126 99 107 70 91 113 102 97 104 109 106 126 87 76 60 
0 145 128 115 0 136 107 128 183 77 153 136 131 125 117 161 99 107 70 91 113 102 97 104 109 106 194 87 76 60 
0 145 128 115 135 0 107 128 180 77 153 136 131 125 117 161 99 107 70 91 113 102 97 104 109 106 180 87 76 60 
0 104 104 104 104 104 0 104 104 77 104 104 104 104 104 104 99 104 70 91 104 102 97 104 104 104 104 87 76 60 
0 95 95 95 95 95 95 0 95 77 95 95 95 95 95 95 95 95 70 91 95 95 95 95 95 95 95 87 76 60 
0 145 128 115 135 136 107 128 0 77 150 136 131 125 117 150 99 107 70 91 113 102 97 104 109 106 150 87 76 60 
0 145 128 115 135 136 107 128 149 0 149 136 131 125 117 149 99 107 70 91 113 102 97 104 109 106 149 87 76 60 
0 38 38 38 38 38 38 38 38 38 0 38 38 38 38 38 38 38 38 38 38 38 38 38 38 38 38 38 38 38 
0 145 128 115 135 136 107 128 183 77 153 0 131 125 117 161 99 107 70 91 113 102 97 104 109 106 191 87 76 60 
0 102 102 102 102 102 102 102 102 77 102 102 0 102 102 102 99 102 70 91 102 102 97 102 102 102 102 87 76 60 
0 145 128 115 135 136 107 128 183 77 153 136 131 0 117 161 99 107 70 91 113 102 97 104 109 106 199 87 76 60 
0 100 100 100 100 100 100 100 100 77 100 100 100 100 0 100 99 100 70 91 100 100 97 100 100 100 100 87 76 60 
0 141 128 115 135 136 107 128 141 77 141 136 131 125 117 0 99 107 70 91 113 102 97 104 109 106 141 87 76 60 
0 141 128 115 135 136 107 128 141 77 141 136 131 125 117 141 0 107 70 91 113 102 97 104 109 106 141 87 76 60 
0 145 128 115 135 136 107 128 183 77 153 136 131 125 117 161 99 0 70 91 113 102 97 104 109 106 197 87 76 60 
0 145 128 115 135 136 107 128 165 77 153 136 131 125 117 161 99 107 0 91 113 102 97 104 109 106 165 87 76 60 
0 20 20 20 20 20 20 20 20 20 20 20 20 20 20 20 20 20 20 0 20 20 20 20 20 20 20 20 20 20 
0 119 119 115 119 119 107 119 119 77 119 119 119 119 117 119 99 107 70 91 0 102 97 104 109 106 119 87 76 60 
0 145 128 115 135 136 107 128 183 77 153 136 131 125 117 161 99 107 70 91 113 0 97 104 109 106 199 87 76 60 
0 96 96 96 96 96 96 96 96 77 96 96 96 96 96 96 96 96 70 91 96 96 0 96 96 96 96 87 76 60 
0 145 128 115 135 136 107 128 183 77 153 136 131 125 117 161 99 107 70 91 113 102 97 0 109 106 199 87 76 60 
0 78 78 78 78 78 78 78 78 77 78 78 78 78 78 78 78 78 70 78 78 78 78 78 0 78 78 78 76 60 
0 28 28 28 28 28 28 28 28 28 28 28 28 28 28 28 28 28 28 28 28 28 28 28 28 0 28 28 28 28 
0 36 36 36 36 36 36 36 36 36 36 36 36 36 36 36 36 36 36 36 36 36 36 36 36 36 0 36 36 36 
0 20 20 20 20 20 20 20 20 20 20 20 20 20 20 20 20 20 20 20 20 20 20 20 20 20 20 0 20 20 
0 20 20 20 20 20 20 20 20 20 20 20 20 20 20 20 20 20 20 20 20 20 20 20 20 20 20 20 0 20 
0 0 0 0 0 0 0 0 0 0 0 0 0 0 0 0 0 0 0 0 0 0 0 0 0 0 0 0 0 0 
0