13 33 10 0
1 8 20
8 5 20
5 2 20
2 9 20
9 3 20
3 4 20
4 7 20
7 6 20
8 10 20
1 3 14
1 7 10
1 10 15
2 7 16
2 3 6
3 6 5
4 6 20
4 2 17
4 8 17
5 6 15
5 9 7
5 7 8
6 2 9
6 9 16
6 8 19
3 10 1
6 10 4
7 10 9
4 11 16
11 3 16
6 12 6
12 7 6
6 13 16
13 5 16
0 44 40 20 36 44 44 44 43 49 
0 0 26 20 36 41 41 36 42 34 
0 25 0 20 25 25 25 25 25 26 
0 46 42 0 36 60 50 36 43 34 
0 46 26 20 0 50 50 36 43 34 
0 46 26 20 36 0 50 36 43 34 
0 20 20 20 20 20 0 20 20 29 
0 20 20 20 20 20 20 0 20 34 
0 20 20 20 20 20 20 20 0 20 
0 0 0 0 0 0 0 0 0 0 
0