15 35 10 0
1 6 20
6 3 20
3 8 20
8 5 20
5 9 20
9 2 20
2 7 20
7 4 20
6 10 20
1 8 6
1 5 6
1 7 20
1 9 19
2 3 16
3 7 8
5 3 8
5 7 18
6 5 3
6 9 4
6 4 8
6 2 10
8 7 17
9 3 20
2 10 2
7 10 15
8 11 3
11 3 3
2 12 6
12 9 6
7 13 8
13 2 8
4 14 18
14 7 18
7 15 14
15 3 14
0 38 71 28 29 20 71 26 49 37 
0 0 36 20 20 0 42 20 26 17 
0 28 0 20 20 0 28 20 26 17 
0 18 18 0 18 0 18 18 18 17 
0 28 46 20 0 0 46 20 26 17 
0 38 45 28 23 0 45 20 30 37 
0 22 22 20 20 0 0 20 22 17 
0 28 40 20 20 0 40 0 26 17 
0 28 40 20 20 0 40 20 0 17 
0 0 0 0 0 0 0 0 0 0 
0