16 36 10 0
1 6 20
6 8 20
8 5 20
5 3 20
3 7 20
7 2 20
2 9 20
9 4 20
6 10 20
1 10 18
2 4 19
2 8 8
2 3 2
5 4 2
7 5 16
7 9 15
8 3 20
8 4 12
9 5 9
9 6 19
9 3 11
9 8 11
4 10 9
8 10 2
8 11 6
11 6 6
5 12 9
12 8 9
2 13 4
13 7 4
9 14 4
14 2 4
4 15 9
15 2 9
8 16 17
16 2 17
0 20 20 20 20 20 20 20 20 38 
0 0 34 53 34 25 24 34 34 31 
0 20 0 20 20 20 20 20 20 20 
0 9 9 0 9 9 9 9 9 18 
0 31 31 31 0 25 24 31 31 31 
0 20 20 20 20 0 20 20 20 31 
0 46 51 46 45 25 0 46 35 31 
0 46 53 51 45 25 24 0 35 31 
0 50 53 53 45 25 24 47 0 31 
0 0 0 0 0 0 0 0 0 0 
0