14 34 10 0
1 8 20
8 4 20
4 9 20
9 2 20
2 3 20
3 5 20
5 7 20
7 6 20
2 10 20
1 7 19
2 4 19
2 6 11
2 7 9
4 3 7
5 9 14
6 9 3
6 5 5
6 3 17
6 4 6
7 8 17
9 3 12
3 10 2
6 10 20
7 10 7
8 10 1
9 10 16
7 11 19
11 5 19
6 12 13
12 7 13
7 13 7
13 2 7
9 14 8
14 5 8
0 27 39 39 39 31 39 37 37 39 
0 0 56 42 48 31 40 17 37 66 
0 20 0 20 20 20 20 17 20 22 
0 27 27 0 27 27 27 17 27 27 
0 27 34 34 0 31 34 17 34 34 
0 27 44 42 44 0 42 17 37 64 
0 27 56 42 52 31 0 17 37 65 
0 20 20 20 20 20 20 0 20 21 
0 27 40 40 40 31 40 17 0 56 
0 0 0 0 0 0 0 0 0 0 
0