15 35 10 0
1 4 20
4 7 20
7 8 20
8 3 20
3 5 20
5 9 20
9 6 20
6 2 20
2 10 20
1 5 7
1 2 9
1 10 6
2 7 6
2 3 6
2 9 18
3 6 5
3 7 18
3 4 6
4 5 3
4 8 19
4 2 14
7 6 13
9 4 13
4 10 16
5 10 10
8 11 13
11 7 13
3 12 3
12 8 3
9 13 9
13 5 9
2 14 2
14 6 2
9 15 5
15 2 5
0 36 26 36 36 36 36 36 36 42 
0 0 25 19 30 32 25 25 30 46 
0 39 0 19 32 40 46 42 38 44 
0 39 26 0 32 40 51 42 38 46 
0 20 20 19 0 20 20 20 20 30 
0 20 20 19 20 0 20 20 20 20 
0 33 26 19 32 33 0 33 33 33 
0 33 26 19 32 33 33 0 33 33 
0 38 25 19 32 38 25 25 0 46 
0 0 0 0 0 0 0 0 0 0 
0