13 33 10 0
1 7 20
7 9 20
9 5 20
5 8 20
8 4 20
4 3 20
3 6 20
6 2 20
2 10 20
1 3 5
1 2 12
1 4 1
2 5 16
2 3 18
2 4 7
3 5 20
3 8 16
3 9 2
4 5 14
4 6 1
6 8 4
6 7 14
6 5 7
3 10 8
4 10 18
8 10 15
9 10 5
5 11 10
11 9 10
5 12 9
12 2 9
6 13 19
13 4 19
0 38 38 38 38 21 34 38 32 38 
0 0 38 41 41 21 14 40 26 61 
0 29 0 46 57 21 14 40 26 66 
0 29 30 0 35 21 14 35 26 53 
0 29 29 29 0 21 14 29 26 34 
0 29 38 46 64 0 14 40 26 64 
0 20 20 20 20 20 0 20 20 20 
0 20 20 20 20 20 14 0 20 35 
0 20 20 20 20 20 14 20 0 25 
0 0 0 0 0 0 0 0 0 0 
0