16 36 10 0
1 3 20
3 9 20
9 4 20
4 7 20
7 2 20
2 8 20
8 5 20
5 6 20
8 10 20
1 2 13
1 6 13
1 9 8
1 7 5
2 5 8
2 9 12
3 4 14
3 7 10
3 8 1
4 5 7
5 9 15
5 7 8
7 9 13
7 8 9
9 6 5
7 11 18
11 4 18
5 12 12
12 8 12
5 13 6
13 2 6
9 14 6
14 2 6
5 15 3
15 4 3
7 16 13
16 5 13
0 45 20 46 46 38 43 42 46 20 
0 0 0 31 40 25 28 40 38 20 
0 32 0 45 44 25 38 42 45 20 
0 27 0 0 27 25 27 27 27 20 
0 32 0 31 0 25 28 41 32 20 
0 0 0 0 0 0 0 0 0 0 
0 32 0 41 48 25 0 41 40 20 
0 20 0 20 20 20 20 0 20 20 
0 26 0 26 26 25 26 26 0 20 
0 0 0 0 0 0 0 0 0 0 
0