12 32 10 0
1 6 20
6 5 20
5 9 20
9 3 20
3 4 20
4 8 20
8 7 20
7 2 20
8 10 20
1 2 12
1 9 18
1 3 10
1 7 7
1 10 11
3 8 4
3 6 17
4 6 13
4 5 20
6 9 15
6 7 2
7 3 20
7 5 4
9 8 3
9 4 12
4 10 6
6 10 4
7 10 14
9 10 9
3 11 19
11 9 19
4 12 7
12 3 7
0 32 54 32 44 50 29 27 55 64 
0 0 0 0 0 0 0 0 0 0 
0 20 0 32 44 30 22 27 54 48 
0 20 47 0 44 30 22 27 54 48 
0 20 20 20 0 20 20 20 20 20 
0 20 37 32 37 0 22 27 37 41 
0 20 24 24 24 24 0 24 24 38 
0 20 20 20 20 20 20 0 20 40 
0 20 35 32 35 30 22 27 0 44 
0 0 0 0 0 0 0 0 0 0 
0