15 35 10 0
1 9 20
9 4 20
4 5 20
5 7 20
7 3 20
3 6 20
6 2 20
2 8 20
5 10 20
1 2 6
1 10 19
2 5 19
2 3 12
2 7 5
3 9 8
4 6 13
4 7 10
4 2 15
5 3 13
7 8 2
7 9 19
7 6 5
8 9 7
2 10 5
3 10 9
3 11 8
11 7 8
2 12 10
12 6 10
3 13 14
13 2 14
7 14 1
14 2 1
7 15 10
15 4 10
0 26 26 26 26 26 26 22 26 45 
0 0 43 30 39 48 43 22 34 34 
0 50 0 30 39 48 43 22 34 34 
0 50 45 0 39 48 43 22 34 34 
0 33 33 30 0 33 33 22 33 34 
0 20 20 20 20 0 20 20 20 20 
0 50 45 30 39 48 0 22 34 34 
0 7 7 7 7 7 7 0 7 7 
0 20 20 20 20 20 20 20 0 20 
0 0 0 0 0 0 0 0 0 0 
0