13 33 10 0
1 3 20
3 9 20
9 6 20
6 4 20
4 7 20
7 2 20
2 5 20
5 8 20
7 10 20
1 5 14
1 2 10
1 7 16
1 6 20
1 10 14
2 8 17
3 4 4
4 8 16
4 5 18
6 5 14
8 7 11
9 5 19
9 7 19
4 10 13
5 10 10
6 10 3
8 10 2
9 10 4
4 11 11
11 6 11
2 12 13
12 7 13
8 13 20
13 5 20
0 30 20 24 80 40 76 53 20 66 
0 0 0 0 37 0 24 37 0 32 
0 20 0 24 24 24 24 24 20 24 
0 20 0 0 65 11 31 53 0 48 
0 11 0 0 0 0 11 20 0 23 
0 20 0 20 34 0 31 34 0 37 
0 20 0 0 20 0 0 20 0 32 
0 11 0 0 31 0 11 0 0 23 
0 20 0 20 58 20 50 53 0 52 
0 0 0 0 0 0 0 0 0 0 
0