36 116 20 0
1 6 20
6 9 20
9 17 20
17 12 20
12 15 20
15 4 20
4 5 20
5 8 20
8 2 20
2 11 20
11 18 20
18 7 20
7 3 20
3 10 20
10 16 20
16 19 20
19 13 20
13 14 20
3 20 20
1 8 14
1 17 2
1 2 14
1 20 14
2 3 14
3 4 2
5 16 14
5 14 3
5 9 20
5 19 18
5 18 10
6 10 15
6 11 13
6 3 8
6 12 18
7 2 11
7 8 5
7 4 8
7 12 12
7 15 7
7 9 16
7 5 19
7 6 1
8 12 9
8 4 5
9 2 9
9 13 13
9 14 10
9 12 20
9 4 15
9 11 8
9 8 5
10 5 16
10 12 8
11 14 13
11 17 14
11 19 8
11 12 2
11 15 20
11 10 8
12 19 10
12 18 3
12 13 7
12 2 8
13 16 15
13 5 19
13 17 15
13 3 1
13 18 4
13 8 20
14 15 13
14 12 8
14 8 15
15 3 13
15 16 18
15 6 11
15 9 13
15 8 1
15 19 3
15 10 4
16 18 7
17 8 7
18 14 17
5 20 18
6 20 6
9 21 5
21 6 5
17 22 7
22 9 7
12 23 12
23 17 12
5 24 9
24 4 9
11 25 13
25 2 13
11 26 18
26 6 18
12 27 9
27 6 9
8 28 11
28 7 11
15 29 19
29 7 19
9 30 2
30 7 2
12 31 3
31 8 3
12 32 8
32 9 8
11 33 17
33 9 17
12 34 18
34 10 18
13 35 17
35 12 17
18 36 6
36 13 6
0 50 50 50 50 50 50 50 50 50 41 50 46 50 50 50 50 44 50 58 
0 0 34 34 34 34 34 34 34 34 34 34 34 34 34 34 34 34 34 34 
0 22 0 22 22 22 22 22 22 22 22 22 22 22 22 22 22 22 22 42 
0 20 20 0 20 20 20 20 20 20 20 20 20 20 20 20 20 20 20 20 
0 61 56 59 0 44 52 76 80 65 41 80 46 63 60 67 61 44 59 44 
0 61 56 59 74 0 52 74 74 65 41 74 46 63 60 67 61 44 59 44 
0 61 56 59 74 44 0 76 99 65 41 99 46 63 60 67 61 44 59 44 
0 45 45 45 45 44 45 0 45 45 41 45 45 45 45 45 45 44 45 44 
0 61 56 59 74 44 52 76 0 65 41 107 46 63 60 67 61 44 59 44 
0 44 44 44 44 44 44 44 44 0 41 44 44 44 44 44 44 44 44 44 
0 61 56 59 74 44 52 76 101 65 0 114 46 63 60 67 61 44 59 44 
0 61 56 59 74 44 52 76 98 65 41 0 46 63 60 67 61 44 59 44 
0 61 56 59 74 44 52 76 101 65 41 103 0 63 60 67 61 44 59 44 
0 36 36 36 36 36 36 36 36 36 36 36 36 0 36 36 36 36 36 36 
0 61 56 59 74 44 52 76 101 65 41 102 46 63 0 67 61 44 59 44 
0 27 27 27 27 27 27 27 27 27 27 27 27 27 27 0 27 27 27 27 
0 34 34 34 34 34 34 34 34 34 34 34 34 34 34 34 0 34 34 34 
0 43 43 43 43 43 43 43 43 43 41 43 43 43 43 43 43 0 43 43 
0 20 20 20 20 20 20 20 20 20 20 20 20 20 20 20 20 20 0 20 
0 0 0 0 0 0 0 0 0 0 0 0 0 0 0 0 0 0 0 0 
0