28 108 20 0
1 8 20
8 4 20
4 6 20
6 15 20
15 3 20
3 18 20
18 10 20
10 12 20
12 19 20
19 17 20
17 7 20
7 14 20
14 16 20
16 2 20
2 9 20
9 11 20
11 13 20
13 5 20
2 20 20
1 6 5
1 15 9
1 19 1
2 18 15
2 3 17
2 10 19
2 19 2
4 5 17
5 9 9
5 11 5
6 12 11
6 13 4
6 5 14
6 18 20
6 10 17
6 2 6
7 18 19
7 15 13
7 2 3
7 3 3
8 15 17
8 7 9
8 9 13
8 19 14
8 6 6
8 12 9
8 18 9
8 10 18
9 10 15
9 15 18
9 4 16
9 12 16
9 17 5
9 19 12
9 14 16
9 7 5
10 4 15
11 17 9
11 4 16
11 14 8
11 18 11
11 10 17
12 2 8
12 18 5
13 15 20
13 9 13
13 3 8
13 19 6
13 4 20
13 16 11
13 12 10
14 15 10
14 3 6
14 17 13
14 2 13
15 12 19
17 3 4
17 15 19
17 5 6
17 12 12
17 4 11
18 13 11
18 16 8
18 14 1
19 15 12
19 16 4
3 20 11
7 20 2
9 20 14
15 20 16
17 20 4
18 20 10
19 20 6
19 21 16
21 12 16
14 22 17
22 7 17
13 23 16
23 11 16
18 24 16
24 6 16
12 25 19
25 8 19
17 26 20
26 9 20
14 27 3
27 11 3
15 28 5
28 14 5
0 35 35 35 35 35 35 35 35 35 35 35 35 35 35 35 35 35 35 35 
0 0 58 73 57 42 51 19 73 73 43 73 35 50 73 43 47 73 54 83 
0 20 0 20 20 20 20 19 20 20 20 20 20 20 20 20 20 20 20 31 
0 34 34 0 37 34 34 19 34 34 34 34 34 34 34 34 34 34 34 34 
0 14 14 14 0 14 14 14 14 14 14 14 14 14 14 14 14 14 14 14 
0 50 58 92 57 0 51 19 75 92 43 92 35 50 92 43 47 92 54 83 
0 50 58 58 57 42 0 19 58 58 43 58 35 50 58 43 47 58 54 60 
0 50 58 98 57 42 51 0 75 106 43 113 35 50 115 43 47 99 54 83 
0 50 58 97 57 42 51 19 0 106 43 104 35 50 123 43 47 99 54 83 
0 35 35 35 35 35 35 19 35 0 35 35 35 35 35 35 35 35 35 35 
0 50 58 81 57 42 51 19 75 81 0 81 35 50 81 43 47 81 54 81 
0 50 52 52 52 42 51 19 52 52 43 0 35 50 52 43 47 52 52 52 
0 50 58 97 57 42 51 19 75 106 44 104 0 50 118 43 47 99 54 83 
0 50 58 82 57 42 51 19 75 82 43 82 35 0 82 43 47 82 54 82 
0 44 44 44 44 42 44 19 44 44 43 44 35 44 0 43 44 44 44 60 
0 20 20 20 20 20 20 19 20 20 20 20 20 20 20 0 20 20 20 20 
0 50 58 92 57 42 51 19 75 92 43 92 35 50 92 43 0 92 54 83 
0 50 56 56 56 42 51 19 56 56 43 56 35 50 56 43 47 0 54 66 
0 50 52 52 52 42 51 19 52 52 43 52 35 50 52 43 47 52 0 58 
0 0 0 0 0 0 0 0 0 0 0 0 0 0 0 0 0 0 0 0 
0