29 109 20 0
1 17 20
17 19 20
19 10 20
10 9 20
9 4 20
4 5 20
5 6 20
6 13 20
13 7 20
7 14 20
14 8 20
8 3 20
3 12 20
12 18 20
18 2 20
2 16 20
16 15 20
15 11 20
19 20 20
2 15 17
3 9 5
3 19 18
3 6 10
3 14 13
3 10 19
3 5 5
3 16 9
4 14 14
4 3 9
4 13 1
4 2 3
4 18 6
4 8 19
4 16 20
4 7 6
4 19 20
5 13 5
6 15 14
6 14 8
6 16 2
6 4 10
7 19 12
7 16 8
8 12 2
8 15 11
8 13 4
8 9 19
9 13 5
9 5 15
9 12 7
9 15 10
10 5 6
10 13 4
10 12 19
10 2 11
10 7 17
11 13 17
11 14 2
11 9 6
11 2 15
11 5 13
12 4 18
12 16 4
12 2 16
12 7 19
12 11 13
13 15 15
14 2 16
14 9 4
16 17 19
16 14 14
16 18 16
17 8 20
17 10 11
17 9 14
17 4 18
17 18 9
17 15 1
19 16 2
19 15 8
19 9 20
19 14 8
19 18 14
19 2 20
2 20 18
9 20 2
12 20 17
14 20 15
15 20 20
17 20 9
18 20 16
8 21 20
21 14 20
3 22 10
22 8 10
16 23 6
23 3 6
8 24 14
24 4 14
12 25 17
25 8 17
9 26 15
26 8 15
12 27 17
27 10 17
17 28 2
28 16 2
18 29 1
29 16 1
0 20 20 20 20 20 20 20 20 20 20 20 20 20 20 20 20 20 20 20 
0 0 35 37 37 30 37 37 37 37 33 37 37 37 37 37 19 37 37 55 
0 101 0 80 59 30 62 100 88 67 33 48 56 99 96 66 19 65 69 109 
0 101 35 0 59 30 62 100 88 67 33 48 56 99 96 66 19 65 69 117 
0 25 25 25 0 25 25 25 25 25 25 25 25 25 25 25 19 25 25 25 
0 54 35 54 54 0 54 54 54 54 33 48 54 54 54 54 19 54 54 54 
0 40 35 40 40 30 0 40 40 40 33 40 40 40 40 40 19 40 40 40 
0 90 35 80 59 30 62 0 88 67 33 48 56 90 90 66 19 65 69 90 
0 72 35 72 59 30 62 72 0 67 33 48 56 72 72 66 19 65 69 74 
0 77 35 77 59 30 62 77 77 0 33 48 56 77 77 66 19 65 69 77 
0 53 35 53 53 30 53 53 53 53 0 48 53 53 53 53 19 53 53 53 
0 101 35 80 59 30 62 100 88 67 33 0 56 99 96 66 19 65 69 117 
0 35 35 35 35 30 35 35 35 35 33 35 0 35 35 35 19 35 35 35 
0 40 35 40 40 30 40 40 40 40 33 40 40 0 40 40 19 40 40 55 
0 20 20 20 20 20 20 20 20 20 20 20 20 20 0 20 19 20 20 40 
0 75 35 59 59 30 59 59 59 59 33 48 56 59 75 0 19 65 59 75 
0 95 35 80 59 30 62 95 88 67 33 48 56 95 95 68 0 65 70 104 
0 21 21 21 21 21 21 21 21 21 21 21 21 21 21 21 19 0 21 37 
0 92 35 80 59 30 62 91 88 67 33 48 56 91 92 66 19 65 0 112 
0 0 0 0 0 0 0 0 0 0 0 0 0 0 0 0 0 0 0 0 
0