32 112 20 0
1 5 20
5 4 20
4 12 20
12 13 20
13 16 20
16 11 20
11 19 20
19 10 20
10 14 20
14 17 20
17 9 20
9 6 20
6 8 20
8 18 20
18 3 20
3 7 20
7 15 20
15 2 20
13 20 20
1 17 15
1 7 17
3 11 8
4 9 7
4 11 13
4 16 15
4 19 14
4 7 10
5 12 20
5 16 17
5 17 12
5 10 16
6 2 17
6 14 16
6 7 13
6 12 18
7 5 10
9 8 13
9 16 2
9 7 7
9 2 6
10 15 9
10 7 18
10 18 7
10 12 15
11 10 20
11 12 8
11 9 2
11 18 14
11 13 2
12 18 19
12 8 20
12 16 3
12 3 1
13 4 8
13 6 8
13 3 5
13 10 5
13 7 16
14 5 8
14 7 20
14 3 9
14 15 7
14 4 18
15 8 6
15 19 1
15 5 7
16 10 19
17 11 3
17 10 7
17 15 4
17 2 10
17 12 8
17 16 13
18 2 10
18 4 7
18 14 20
19 13 12
19 18 15
19 17 5
2 20 10
3 20 15
8 20 4
9 20 7
10 20 1
12 20 17
14 20 7
18 20 14
19 20 8
13 21 2
21 12 2
17 22 13
22 14 13
9 23 14
23 17 14
11 24 9
24 4 9
19 25 5
25 4 5
12 26 17
26 5 17
17 27 18
27 5 18
14 28 15
28 6 15
18 29 12
29 10 12
18 30 14
30 11 14
18 31 7
31 12 7
19 32 8
32 15 8
0 52 35 52 52 43 52 52 29 52 52 52 34 52 48 52 52 52 35 52 
0 0 0 0 0 0 0 0 0 0 0 0 0 0 0 0 0 0 0 10 
0 28 0 28 28 28 28 28 28 28 28 28 28 28 28 28 28 28 28 43 
0 63 35 0 60 43 79 59 29 79 58 79 34 69 48 70 46 75 35 79 
0 63 35 67 0 43 85 59 29 85 58 85 34 69 48 70 46 75 35 85 
0 63 35 67 60 0 67 59 29 67 58 67 34 67 48 67 46 67 35 77 
0 30 24 24 24 24 0 24 24 24 24 24 24 24 30 24 24 24 24 30 
0 20 20 20 20 20 20 0 20 20 20 20 20 20 20 20 20 20 20 24 
0 62 35 56 56 43 56 56 0 56 56 56 34 56 48 56 51 56 35 69 
0 63 35 66 60 43 69 59 29 0 58 66 34 66 48 66 46 66 35 70 
0 63 35 67 60 43 75 59 29 75 0 75 34 69 48 70 46 75 35 75 
0 63 35 67 60 43 80 59 29 80 58 0 34 69 48 70 46 75 35 97 
0 63 35 64 60 43 64 59 29 64 58 64 0 64 48 64 46 64 35 84 
0 63 35 67 60 43 97 59 29 93 58 93 34 0 48 70 46 75 35 103 
0 34 14 14 14 14 14 14 14 14 14 14 14 14 0 14 14 14 14 24 
0 39 35 39 39 39 39 39 29 39 39 39 34 39 39 0 39 39 35 39 
0 63 35 67 60 43 86 59 29 86 58 86 34 69 48 70 0 75 35 96 
0 63 35 67 60 43 80 59 29 80 58 80 34 69 48 70 46 0 35 103 
0 63 35 65 60 43 65 59 29 65 58 65 34 65 48 65 46 65 0 73 
0 0 0 0 0 0 0 0 0 0 0 0 0 0 0 0 0 0 0 0 
0