25 105 20 0
1 15 20
15 16 20
16 5 20
5 18 20
18 13 20
13 8 20
8 3 20
3 2 20
2 11 20
11 12 20
12 14 20
14 9 20
9 10 20
10 19 20
19 6 20
6 7 20
7 17 20
17 4 20
2 20 20
1 18 16
1 16 20
1 3 7
1 17 14
1 7 18
1 8 2
1 9 14
1 14 10
1 20 1
2 16 8
2 9 7
4 19 10
5 8 13
5 10 12
5 2 14
6 13 16
6 18 16
7 5 19
7 2 5
8 2 6
8 11 12
8 12 6
9 13 5
9 19 17
10 14 3
10 2 3
10 8 1
10 13 14
10 4 7
10 7 8
11 7 2
12 5 1
12 13 2
12 10 4
12 16 8
13 19 15
14 8 5
14 2 5
14 5 6
14 13 4
15 2 16
15 13 18
15 8 13
15 4 19
15 18 10
15 17 1
15 7 11
16 19 6
16 3 2
16 10 3
16 14 15
16 9 16
17 10 17
17 11 18
17 12 8
17 3 12
17 14 1
18 7 2
18 17 13
18 14 8
18 10 6
18 8 11
18 2 18
19 12 17
19 5 12
19 8 17
19 7 10
3 20 10
4 20 12
9 20 6
13 20 11
15 20 20
16 20 20
17 20 4
18 20 13
19 20 6
16 21 20
21 2 20
18 22 13
22 6 13
19 23 20
23 9 20
14 24 8
24 10 8
17 25 17
25 15 17
0 107 41 46 58 33 71 82 77 70 50 51 79 57 37 56 48 62 68 122 
0 0 34 35 35 33 35 35 35 35 35 35 35 35 17 33 33 35 35 55 
0 20 0 20 20 20 20 20 20 20 20 20 20 20 17 20 20 20 20 30 
0 10 10 0 10 10 10 10 10 10 10 10 10 10 10 10 10 10 10 22 
0 59 34 40 0 33 53 59 59 59 50 51 59 47 17 33 33 46 59 59 
0 52 34 40 52 0 52 52 52 52 50 51 52 47 17 33 33 46 52 52 
0 44 34 40 44 33 0 44 44 44 44 44 44 44 17 33 33 44 44 44 
0 44 34 40 43 33 43 0 43 43 44 43 43 43 17 33 33 43 43 44 
0 42 34 40 42 33 42 42 0 42 42 42 42 42 17 33 33 42 42 48 
0 56 34 40 56 33 53 56 56 0 50 51 56 47 17 33 33 46 56 56 
0 22 22 22 22 22 22 22 22 22 0 22 22 22 17 22 22 22 22 22 
0 35 34 35 35 33 35 35 35 35 35 0 35 35 17 33 33 35 35 35 
0 35 34 35 35 33 35 35 35 35 35 35 0 35 17 33 33 35 35 46 
0 48 34 40 48 33 48 48 48 48 48 48 48 0 17 33 33 46 48 48 
0 99 34 46 58 33 53 80 63 70 50 51 79 47 0 36 34 46 68 122 
0 82 34 40 58 33 53 80 63 70 50 51 78 47 17 0 33 46 68 102 
0 83 34 44 58 33 53 80 63 70 50 51 78 47 17 33 0 46 68 97 
0 91 34 40 58 33 53 80 63 70 50 51 78 47 17 33 33 0 68 104 
0 96 34 40 58 33 53 80 63 70 50 51 78 47 17 33 33 46 0 102 
0 0 0 0 0 0 0 0 0 0 0 0 0 0 0 0 0 0 0 0 
0