34 114 20 0
1 10 20
10 5 20
5 15 20
15 19 20
19 14 20
14 2 20
2 12 20
12 17 20
17 7 20
7 16 20
16 4 20
4 9 20
9 11 20
11 8 20
8 13 20
13 3 20
3 18 20
18 6 20
8 20 20
1 7 17
1 12 17
1 3 6
1 5 18
1 2 13
1 18 7
2 11 7
2 17 4
3 12 9
3 9 10
3 4 3
3 10 2
3 8 10
3 17 8
4 15 15
5 12 17
5 4 15
5 17 3
5 16 15
6 4 10
7 5 7
7 2 15
7 14 1
7 8 12
7 6 2
7 3 1
7 10 18
8 9 5
8 4 16
8 5 14
8 16 2
8 12 5
8 18 12
8 15 16
9 6 14
9 14 5
9 7 2
9 16 2
10 2 16
10 17 12
10 4 13
10 8 5
10 14 9
10 9 10
10 15 7
11 7 4
11 4 18
12 11 2
13 9 13
13 18 13
13 15 6
13 14 3
14 5 19
14 18 15
14 15 9
14 11 2
14 6 7
15 16 11
15 12 6
16 13 13
16 12 6
16 11 17
16 6 12
16 18 19
16 10 9
4 20 5
5 20 20
5 21 1
21 10 1
14 22 3
22 19 3
7 23 9
23 17 9
9 24 3
24 4 3
3 25 8
25 13 8
6 26 7
26 18 7
12 27 19
27 3 19
17 28 4
28 3 4
8 29 15
29 7 15
10 30 19
30 7 19
16 31 7
31 8 7
12 32 17
32 8 17
14 33 17
33 10 17
16 34 19
34 15 19
0 64 50 98 78 55 77 71 58 67 48 80 41 38 92 50 56 93 23 45 
0 0 31 31 31 31 31 31 31 31 31 31 31 31 31 31 31 31 23 31 
0 51 0 60 60 55 60 60 58 47 48 60 41 38 60 50 56 70 23 45 
0 35 35 0 35 35 35 35 35 35 35 35 35 35 35 35 35 35 23 40 
0 51 44 71 0 55 60 71 58 47 48 63 41 38 71 50 56 71 23 45 
0 10 10 10 10 0 10 10 10 10 10 10 10 10 10 10 10 17 10 10 
0 51 44 80 60 55 0 71 58 47 48 63 41 38 80 50 56 80 23 45 
0 51 44 98 60 55 60 0 58 47 48 63 41 38 92 50 56 86 23 45 
0 42 42 42 42 46 42 42 0 42 42 42 41 38 42 42 42 46 23 42 
0 51 44 98 60 55 60 71 58 0 48 63 41 38 92 50 56 86 23 45 
0 42 42 42 42 42 42 42 42 42 0 42 41 38 42 42 42 42 23 42 
0 51 44 58 58 55 58 58 58 47 48 0 41 38 58 50 56 58 23 45 
0 51 44 52 52 55 52 52 52 47 48 52 0 38 52 50 52 55 23 45 
0 51 44 77 60 55 60 71 58 47 48 63 41 0 77 50 56 86 23 45 
0 37 37 37 37 37 37 37 37 37 37 37 37 37 0 37 37 37 23 37 
0 51 44 98 60 55 60 71 58 47 48 63 41 38 92 0 56 86 23 45 
0 24 24 24 24 24 24 24 24 24 24 24 24 24 24 24 0 24 23 24 
0 10 10 10 10 20 10 10 10 10 10 10 10 10 10 10 10 0 10 10 
0 20 20 20 20 20 20 20 20 20 20 20 20 20 20 20 20 20 0 20 
0 0 0 0 0 0 0 0 0 0 0 0 0 0 0 0 0 0 0 0 
0