34 114 20 0
1 15 20
15 14 20
14 8 20
8 7 20
7 16 20
16 4 20
4 18 20
18 10 20
10 19 20
19 3 20
3 2 20
2 12 20
12 6 20
6 9 20
9 11 20
11 17 20
17 5 20
5 13 20
12 20 20
1 13 2
1 4 19
1 2 11
1 7 11
2 18 1
3 6 1
3 9 6
3 12 6
3 11 3
3 14 7
3 15 7
4 11 13
4 7 14
4 3 14
4 19 6
4 9 14
5 19 6
5 7 9
5 2 11
5 6 19
5 11 20
5 4 10
5 15 14
5 3 4
6 11 8
6 2 18
6 8 2
6 15 12
6 14 13
7 13 13
7 10 14
7 14 5
7 3 19
7 18 9
7 11 18
7 6 8
8 9 3
8 10 4
8 17 8
8 12 5
8 4 11
8 5 8
9 18 13
9 19 11
9 2 15
9 7 12
9 15 12
9 13 5
10 5 11
10 13 10
10 9 6
10 17 18
10 16 10
10 11 18
11 13 3
13 17 20
14 4 9
14 9 5
14 19 9
15 10 10
15 17 16
15 16 6
15 13 16
15 18 12
15 4 15
16 13 7
16 19 11
8 21 6
21 14 6
10 22 3
22 18 3
9 23 13
23 6 13
6 24 8
24 3 8
9 25 2
25 4 2
6 26 9
26 5 9
15 27 6
27 5 6
8 28 16
28 6 16
10 29 4
29 7 4
14 30 15
30 7 15
18 31 17
31 7 17
10 32 11
32 8 11
15 33 7
33 9 7
11 34 18
34 10 18
0 63 63 63 54 63 63 33 61 63 63 31 63 51 63 36 63 58 63 20 
0 0 21 21 21 21 21 21 21 21 21 21 21 21 21 21 21 21 21 20 
0 50 0 45 45 45 45 33 45 45 45 31 45 45 45 36 45 45 45 20 
0 64 65 0 54 77 81 33 61 66 81 31 74 51 45 36 81 58 63 20 
0 64 65 67 0 77 91 33 61 66 93 31 74 51 45 36 82 58 63 20 
0 64 65 67 54 0 73 33 61 66 73 31 73 51 45 36 73 58 63 20 
0 64 65 67 54 77 0 33 61 66 100 31 74 51 45 36 82 58 63 20 
0 64 65 67 54 77 81 0 61 66 81 31 74 51 45 36 81 58 63 20 
0 64 65 67 54 77 91 33 0 66 100 31 74 51 45 36 82 58 63 20 
0 64 65 67 54 77 85 33 61 0 100 31 74 51 45 36 82 58 63 20 
0 38 38 38 38 38 38 33 38 38 0 31 41 38 38 36 41 38 38 20 
0 20 20 20 20 20 20 20 20 20 20 0 20 20 20 20 20 20 20 20 
0 20 20 20 20 20 20 20 20 20 20 20 0 20 20 20 20 20 20 20 
0 58 58 58 54 58 58 33 58 58 58 31 58 0 45 36 58 58 58 20 
0 64 65 67 54 77 91 33 61 66 96 31 74 51 0 36 82 58 63 20 
0 38 38 38 38 38 38 33 38 38 38 31 38 38 38 0 38 38 38 20 
0 20 20 20 20 20 20 20 20 20 20 20 20 20 20 20 0 20 20 20 
0 37 37 37 37 37 37 33 37 37 37 31 37 37 37 36 37 0 37 20 
0 20 20 20 20 20 20 20 20 20 20 20 20 20 20 20 20 20 0 20 
0 0 0 0 0 0 0 0 0 0 0 0 0 0 0 0 0 0 0 0 
0