34 114 20 0
1 16 20
16 6 20
6 7 20
7 9 20
9 18 20
18 8 20
8 19 20
19 15 20
15 11 20
11 4 20
4 14 20
14 13 20
13 3 20
3 2 20
2 12 20
12 10 20
10 5 20
5 17 20
5 20 20
2 11 15
2 5 14
2 7 7
2 19 2
2 9 4
2 4 10
2 17 5
3 17 19
3 10 14
4 12 13
4 3 1
4 10 13
4 5 14
5 9 3
5 13 5
5 6 2
5 12 15
5 19 20
6 13 8
6 11 9
6 3 19
8 10 7
8 4 15
8 5 4
9 17 4
10 15 5
10 9 17
10 7 13
11 13 10
11 12 7
12 6 17
12 16 17
13 19 6
13 16 2
13 12 7
14 8 14
14 5 3
14 11 13
14 10 14
15 16 18
15 18 15
15 5 6
15 7 16
15 2 16
15 8 2
16 17 7
16 10 20
16 5 2
16 7 10
16 14 16
17 18 12
17 4 7
17 14 17
17 8 15
17 11 2
18 7 14
18 10 11
18 2 14
18 4 9
18 13 10
18 6 19
18 5 9
19 17 4
19 6 11
19 7 10
19 16 1
19 11 8
8 21 3
21 18 3
4 22 3
22 11 3
14 23 6
23 4 6
3 24 3
24 13 3
17 25 6
25 5 6
11 26 9
26 2 9
5 27 6
27 2 6
19 28 10
28 2 10
17 29 16
29 2 16
17 30 4
30 3 4
10 31 6
31 3 6
12 32 13
32 4 13
15 33 7
33 10 7
17 34 7
34 16 7
0 20 20 20 20 20 20 20 20 20 20 20 20 20 20 20 20 20 20 20 
0 0 50 77 77 69 77 51 44 77 70 62 56 53 25 45 59 50 48 20 
0 56 0 56 56 56 56 51 44 56 56 56 56 53 25 45 56 50 48 20 
0 64 50 0 64 64 64 51 44 64 64 62 56 53 25 45 59 50 48 20 
0 71 50 71 0 69 71 51 44 71 70 62 56 53 25 45 59 50 48 20 
0 56 50 56 56 0 56 51 44 56 56 56 56 53 25 45 56 50 48 20 
0 20 20 20 20 20 0 20 20 20 20 20 20 20 20 20 20 20 20 20 
0 49 49 49 49 49 49 0 44 49 49 49 49 49 25 45 49 49 48 20 
0 24 24 24 24 24 24 24 0 24 24 24 24 24 24 24 24 24 24 20 
0 55 50 55 55 55 61 51 44 0 55 55 55 53 25 45 55 50 48 20 
0 46 46 46 46 46 46 46 44 46 0 46 46 46 25 45 46 46 46 20 
0 67 50 67 67 67 67 51 44 67 67 0 56 53 25 45 59 50 48 20 
0 35 35 35 35 35 35 35 35 35 35 35 0 35 25 35 35 35 35 20 
0 70 50 70 70 69 70 51 44 70 70 62 56 0 25 45 59 50 48 20 
0 91 50 80 78 69 90 51 44 100 70 62 56 53 0 45 59 50 48 20 
0 75 50 75 75 69 75 51 44 75 70 62 56 53 25 0 59 50 48 20 
0 86 50 80 78 69 86 51 44 86 70 62 56 53 25 45 0 50 48 20 
0 91 50 80 78 69 90 51 44 96 70 62 56 53 25 45 59 0 48 20 
0 64 50 64 64 64 64 51 44 64 64 62 56 53 25 45 59 50 0 20 
0 0 0 0 0 0 0 0 0 0 0 0 0 0 0 0 0 0 0 0 
0