31 111 20 0
1 16 20
16 5 20
5 12 20
12 10 20
10 19 20
19 13 20
13 3 20
3 11 20
11 8 20
8 14 20
14 7 20
7 6 20
6 15 20
15 17 20
17 18 20
18 9 20
9 2 20
2 4 20
4 20 20
1 4 8
1 13 11
1 5 12
1 6 15
1 3 14
1 7 14
1 11 3
2 12 16
2 18 7
2 7 18
2 11 20
2 16 14
2 8 3
2 15 16
2 14 17
3 6 3
3 8 20
3 10 11
3 14 7
4 15 19
4 8 17
4 16 15
4 5 6
5 18 9
5 14 15
5 19 14
8 5 7
8 7 9
8 16 15
8 12 19
9 10 13
9 8 6
10 4 3
10 18 20
10 17 3
11 17 19
11 5 7
11 12 15
11 6 7
12 6 18
13 9 18
13 12 16
13 17 20
14 9 4
14 17 16
14 16 15
14 4 9
15 3 11
15 9 16
15 10 2
15 11 3
15 19 20
15 18 18
16 6 5
16 7 13
18 8 1
18 3 8
18 14 8
19 18 8
19 6 4
19 7 7
19 4 11
19 12 4
2 20 3
6 20 13
8 20 8
9 20 3
11 20 13
13 20 7
14 20 12
12 21 8
21 5 8
13 22 15
22 19 15
8 23 14
23 11 14
12 24 9
24 2 9
8 25 14
25 2 14
10 26 1
26 3 1
14 27 13
27 3 13
15 28 3
28 4 3
8 29 19
29 4 19
18 30 20
30 10 20
19 31 11
31 15 11
0 43 67 73 60 72 81 67 58 66 60 88 31 67 66 79 78 82 65 79 
0 0 53 65 48 57 67 67 58 66 57 90 20 67 66 59 78 82 54 79 
0 43 0 61 48 57 61 61 58 61 57 61 20 61 61 59 61 61 54 61 
0 43 53 0 48 57 57 57 57 57 57 57 20 57 57 57 57 57 54 77 
0 43 53 58 0 57 58 58 58 58 57 58 20 58 58 58 58 58 54 58 
0 20 20 20 20 0 20 20 20 20 20 20 20 20 20 20 20 20 20 33 
0 20 20 20 20 20 0 20 20 20 20 20 20 20 20 20 20 20 20 20 
0 43 53 65 48 57 67 0 58 66 57 90 20 67 66 59 78 82 54 79 
0 39 39 39 39 39 39 39 0 39 39 39 20 39 39 39 39 39 39 42 
0 43 47 47 47 47 47 47 47 0 47 47 20 47 47 47 47 47 47 47 
0 43 53 65 48 57 67 67 58 66 0 68 20 67 66 59 68 68 54 79 
0 43 53 55 48 55 55 55 55 55 55 0 20 55 55 55 55 55 54 55 
0 43 53 65 48 57 67 67 58 66 57 89 0 67 66 59 78 82 69 79 
0 43 53 65 48 57 67 67 58 66 57 77 20 0 66 59 77 77 54 79 
0 43 53 65 48 57 67 67 58 66 57 90 20 67 0 59 78 82 54 79 
0 38 38 38 38 38 38 38 38 38 38 38 20 38 38 0 38 38 38 38 
0 20 20 20 20 20 20 20 20 20 20 20 20 20 20 20 0 20 20 20 
0 43 53 57 48 57 57 57 57 57 57 57 20 57 57 57 57 0 54 57 
0 43 53 65 48 57 65 65 58 65 57 65 20 65 65 59 65 65 0 65 
0 0 0 0 0 0 0 0 0 0 0 0 0 0 0 0 0 0 0 0 
0