28 108 20 0
1 2 20
2 13 20
13 12 20
12 19 20
19 8 20
8 15 20
15 5 20
5 18 20
18 17 20
17 16 20
16 9 20
9 11 20
11 14 20
14 3 20
3 4 20
4 6 20
6 7 20
7 10 20
5 20 20
1 16 3
1 10 16
1 19 18
1 6 7
1 12 3
1 17 12
1 15 19
1 13 16
2 11 6
2 5 2
2 18 10
2 3 11
2 7 16
3 6 19
4 10 2
4 11 1
4 16 1
4 12 15
4 15 2
4 8 20
5 6 13
5 17 3
5 11 1
6 17 1
6 10 15
6 12 18
7 8 19
7 9 1
7 16 13
7 18 1
7 11 12
8 11 20
8 5 4
8 10 7
8 3 4
9 4 4
9 13 4
9 17 6
9 6 16
9 5 14
9 15 17
9 14 6
10 16 5
10 2 2
10 18 2
10 13 3
10 19 3
10 11 8
10 12 5
11 15 6
11 3 9
11 12 2
11 13 20
11 16 4
12 14 17
12 5 3
12 2 11
12 15 4
12 7 1
12 8 18
14 8 3
14 5 9
15 13 14
16 6 9
17 14 20
17 19 15
17 3 3
18 6 15
4 20 19
6 20 3
7 20 12
10 20 4
11 20 3
10 21 5
21 7 5
5 22 19
22 2 19
10 23 17
23 4 17
11 24 18
24 4 18
12 25 1
25 4 1
8 26 16
26 4 16
17 27 8
27 6 8
12 28 20
28 10 20
0 52 47 76 52 107 42 80 21 80 68 63 77 63 68 46 42 33 56 61 
0 0 47 65 52 65 42 65 21 64 65 60 61 63 49 43 30 33 38 61 
0 32 0 39 39 39 39 39 21 39 39 39 39 39 39 39 30 33 38 39 
0 32 47 0 52 61 42 61 21 61 61 60 61 61 49 43 30 33 38 61 
0 32 47 56 0 56 42 56 21 56 56 56 56 56 49 43 30 33 38 61 
0 32 47 54 52 0 42 54 21 54 54 54 54 54 49 43 30 33 38 57 
0 32 47 66 52 66 0 66 21 64 66 60 61 63 49 43 30 33 38 61 
0 32 47 71 52 71 42 0 21 64 68 60 61 63 49 43 30 33 38 61 
0 32 47 76 52 87 42 80 0 64 68 60 61 63 49 43 30 33 38 61 
0 32 47 50 50 50 42 50 21 0 50 50 50 50 49 43 30 33 38 54 
0 32 47 76 52 79 42 79 21 64 0 60 61 63 49 43 30 33 38 61 
0 32 47 76 52 95 42 80 21 64 68 0 61 63 49 43 30 33 38 61 
0 20 20 20 20 20 20 20 20 20 20 20 0 20 20 20 20 20 20 20 
0 32 32 32 32 32 32 32 21 32 32 32 32 0 32 32 30 32 32 32 
0 32 34 34 34 34 34 34 21 34 34 34 34 34 0 34 30 33 34 34 
0 29 29 29 29 29 29 29 21 29 29 29 29 29 29 0 29 29 29 29 
0 32 47 66 52 66 42 66 21 64 66 60 61 63 49 43 0 33 38 61 
0 32 35 35 35 35 35 35 21 35 35 35 35 35 35 35 30 0 35 35 
0 20 20 20 20 20 20 20 20 20 20 20 20 20 20 20 20 20 0 20 
0 0 0 0 0 0 0 0 0 0 0 0 0 0 0 0 0 0 0 0 
0